4 67 82
7 40 79
8 11 30
5 11 50
37 52 64
3 77 80
18 78 79
22 51 72
16 20 64
17 20 51
18 30 57
19 47 78
10 19 49
11 58 83
3 9 61
14 54 82
14 35 69
16 43 75
8 45 46
10 27 71
34 38 58
13 18 54
36 55 68
18 41 44
10 23 37
9 15 75
30 77 83
13 48 64
5 38 45
38 55 79
36 47 73
50 61 68
37 48 62
63 68 74
19 21 43
40 41 74
42 75 78
20 50 75
28 31 42
26 60 85
7 52 58
6 48 63
34 35 43
11 25 27
5 48 85
13 41 79
58 81 83
30 59 61
3 13 63
9 18 85
6 32 82
44 54 61
11 49 82
19 70 75
14 54 77
34 38 53
22 33 46
7 26 50
12 38 68
2 33 54
4 54 79
21 40 54
27 37 69
26 27 56
2 22 35
36 47 77
15 16 55
20 69 74
1 46 75
5 29 58
6 69 81
5 11 31
6 9 57
16 50 68
4 36 75
6 32 59
27 41 53
15 30 56
43 52 62
10 18 47
11 31 38
9 41 72
14 54 72
3 39 61
18 73 85
2 62 85
10 32 76
20 28 32
1 42 73
23 34 39
19 51 56
36 47 54
1 8 80
12 71 78
30 36 41
16 25 43
3 20 74
34 45 56
18 55 63
32 56 63
10 25 54
31 37 72
17 68 80
27 63 67
22 28 56
4 25 61
46 47 65
1 16 47
22 70 80
54 58 79
31 57 68
36 42 60
7 51 79
5 25 37
44 64 83
32 34 71
24 29 50
40 67 76
2 42 84
10 59 79
8 51 74
9 26 42
6 14 32
30 35 44
33 72 73
51 75 77
34 60 67
16 28 44
75 78 82
39 50 65
29 48 76
27 51 79
29 70 85
20 42 56
19 62 84
23 48 54
18 32 56
33 76 79
19 31 78
13 73 78
20 39 41
8 9 31
23 59 72
16 38 84
40 55 61
2 47 63
5 22 27
46 47 69
8 9 58
45 52 54
28 53 69
6 11 84
51 57 82
8 9 67
63 79 82
8 62 79
2 61 83
18 36 71
16 43 55
2 10 19
10 67 78
33 63 81
8 43 56
14 16 17
7 47 67
5 24 63
3 50 60
18 44 48
14 76 77
4 54 73
14 37 67
7 16 79
35 36 66
24 32 55
18 43 61
10 63 71
26 40 78
18 43 70
40 41 54
54 65 72
31 45 57
3 13 16
1 12 58
35 42 82
39 42 83
8 25 43
3 45 75
52 69 76
56 58 79
15 30 41
47 76 80
25 40 83
25 41 48
3 27 45
47 55 66
9 43 67
31 38 72
9 54 76
55 58 63
12 16 82
30 31 73
2 12 51
16 24 36
47 60 77
35 57 84
22 46 72
19 61 82
19 38 80
18 20 54
43 55 75
21 30 78
12 18 66
29 48 66
39 50 64
52 57 61
10 14 30
15 70 73
14 19 50
10 25 39
1 14 81
54 57 81
22 28 32
44 71 80
18 55 66
42 74 75
8 27 75
36 42 45
55 65 70
31 67 85
8 38 84
31 38 58
28 34 55
6 11 83
13 24 59
34 70 79
14 41 64
15 41 51
63 79 81
3 15 65
4 50 84
17 23 26
15 71 73
26 67 77
9 12 83
11 60 81
2 12 46
4 54 63
7 17 25
21 30 55
11 41 67
41 61 80
2 13 47
30 34 51
30 37 84
14 19 36
24 32 63
43 78 81
13 50 80
35 42 63
9 28 63
16 30 47
9 39 60
3 56 84
22 28 36
28 44 58
8 38 61
3 26 61
14 60 82
5 12 56
18 57 79
10 32 33
55 79 85
2 20 36
54 75 84
3 8 39
51 55 79
60 69 84
9 13 61
21 50 65
31 33 50
34 73 75
4 32 39
46 65 80
15 66 84
12 18 56
9 38 72
36 67 83
12 22 26
12 43 58
42 62 82
41 42 61
3 4 41
1 26 36
16 30 51
54 76 84
12 74 82
29 40 42
32 77 79
24 28 33
23 46 82
9 50 73
14 60 68
37 64 75
1 45 67
15 40 49
3 37 56
15 48 62
24 49 74
1 37 63
36 52 76
2 18 83
18 57 74
21 57 63
57 64 84
47 59 70
54 60 81
9 13 29
16 53 67
39 60 76
6 12 19
51 71 82
4 19 77
11 40 74
8 24 41
40 42 61
3 8 43
8 12 48
9 15 84
9 25 30
10 50 72
12 20 61
44 48 64
43 66 69
6 26 57
22 35 47
31 44 72
78 81 82
37 58 63
6 34 79
11 32 66
21 23 51
13 83 85
2 46 61
4 46 63
20 22 40
10 36 39
3 45 64
30 59 79
3 37 60
11 17 59
11 36 72
16 29 77
47 58 82
2 18 78
3 27 43
23 73 76
23 62 76
11 25 81
42 46 83
34 69 77
33 48 67
51 71 77
24 39 42
14 15 24
8 72 76
8 45 59
24 60 83
36 74 76
11 21 65
11 22 30
6 56 66
1 21 64
41 46 67
11 33 39
10 11 85
4 34 48
23 65 77
70 75 82
26 38 83
14 19 21
15 16 73
4 11 73
22 45 83
58 59 81
7 60 84
6 7 75
24 46 59
5 8 53
16 37 49
33 47 80
6 8 12
38 60 72
41 45 71
2 19 29
6 52 55
16 29 63
14 21 66
4 68 82
7 35 45
8 79 83
29 35 48
1 78 81
14 62 76
10 16 64
28 76 80
9 24 28
6 41 54
9 32 41
47 51 65
42 49 83
28 47 62
37 46 52
50 55 78
35 57 59
8 45 72
16 28 67
23 28 32
53 54 79
6 25 82
11 20 73
45 65 84
6 45 60
3 70 84
23 26 71
24 53 75
11 23 78
12 42 78
19 63 66
17 76 84
38 48 66
3 22 62
28 62 65
12 53 84
6 18 70
16 59 81
39 45 46
16 17 75
37 41 58
19 45 54
67 69 84
17 48 49
23 39 46
41 45 66
38 60 67
4 7 61
4 37 62
8 44 48
54 82 85
4 71 73
3 48 65
21 34 55
16 22 46
12 17 35
44 55 61
2 52 66
52 74 75
1 32 54
39 59 83
18 20 24
52 56 57
12 20 46
5 6 77
3 21 74
3 41 52
17 25 43
17 55 56
1 3 14
19 44 66
49 54 72
8 27 36
48 65 66
13 33 60
24 67 81
26 65 72
15 29 38
6 40 80
1 39 71
13 53 56
36 44 52
18 26 76
7 12 33
21 26 28
49 55 82
2 40 78
14 62 84
31 69 82
68 71 77
1 28 79
24 41 55
40 79 81
18 31 38
11 42 82
9 34 68
7 45 75
18 63 79
29 45 78
43 56 85
9 15 73
6 26 28
9 38 47
21 70 76
53 54 78
2 3 43
21 41 49
16 36 79
4 10 84
6 36 78
16 28 84
45 49 75
3 35 71
18 34 39
42 75 85
1 23 76
10 53 81
31 58 63
29 31 45
2 18 31
12 22 77
6 32 62
29 40 84
16 18 48
11 57 84
17 50 76
17 27 74
45 71 80
32 57 81
21 63 72
20 43 60
8 29 76
3 6 67
16 32 77
32 57 81
21 63 72
20 43 60
8 29 76
3 6 67
16 32 77
17 39 75
12 38 66
2 33 52
20 24 83
46 60 75
4 18 65
51 62 66
53 54 55
30 43 74
47 50 72
1 43 50
4 10 79
2 3 38
56 60 71
14 16 75
26 31 33
31 68 72
7 11 13
10 41 65
14 38 81
8 48 49
19 21 63
7 71 73
22 47 63
6 67 69
37 70 79
9 71 75
1 47 56
15 18 71
29 52 72
7 60 82
6 32 57
14 50 73
6 32 66
6 20 64
22 29 51
34 57 69
7 33 55
22 40 60
16 23 76
12 26 69
28 46 47
7 33 73
30 54 70
13 14 63
58 62 80
49 61 70
10 48 82
2 70 78
15 23 51
6 13 70
32 61 64
4 41 53
21 80 83
28 79 80
35 70 85
4 14 26
3 54 56
10 44 75
9 36 76
38 77 82
1 46 77
7 8 30
11 26 69
64 69 75
17 46 78
48 60 85
16 39 52
10 33 74
10 22 74
25 40 73
2 17 62
15 30 40
11 28 29
13 14 40
44 56 77
4 6 54
35 74 78
22 29 64
10 11 19
2 10 22
7 55 65
12 59 70
10 11 28
7 26 38
16 35 63
23 53 64
51 61 82
16 24 35
26 49 72
6 43 75
9 11 60
20 46 79
25 44 75
4 63 72
47 65 69
44 57 68
2 24 60
6 58 63
45 49 51
60 64 69
56 60 79
35 50 80
36 40 44
25 26 66
26 33 60
2 17 39
27 29 58
6 20 36
1 53 80
16 31 43
24 36 64
21 24 48
7 21 62
17 19 28
35 62 81
14 50 72
10 55 84
53 80 84
8 21 39
13 43 80
21 57 81
28 56 81
35 58 65
12 30 38
25 30 59
22 33 47
39 80 81
17 33 84
44 45 80
13 47 77
6 43 70
2 73 82
27 59 76
5 51 69
24 35 58
9 40 64
5 8 9
37 61 77
9 40 73
52 68 82
12 33 48
10 13 77
29 40 46
2 17 34
3 12 67
38 61 82
4 44 62
1 45 71
9 29 72
18 47 83
6 11 77
50 53 65
14 23 59
49 76 80
18 40 53
11 30 65
22 42 73
34 59 63
12 30 33
32 70 79
43 45 60
14 24 32
10 32 68
28 47 85
10 32 77
30 43 54
26 38 43
12 29 55
26 40 71
4 5 39
61 64 65
34 60 82
47 53 63
40 43 75
8 28 51
17 67 77
50 51 85
37 50 81
27 28 83
48 60 79
51 56 78
7 21 43
43 67 83
14 31 40
22 68 84
10 26 29
36 50 65
54 61 67
8 10 20
29 62 74
68 72 83
24 58 78
20 45 54
34 36 84
39 68 79
42 48 66
4 27 80
1 27 72
8 24 31
8 43 44
31 40 74
32 51 61
10 17 65
6 24 47
45 77 80
29 55 80
15 37 51
31 75 77
58 68 85
14 37 82
21 39 58
47 53 58
19 20 52
9 40 63
18 35 72
7 40 42
12 33 47
8 38 59
34 54 82
23 61 83
1 26 57
28 44 65
55 62 67
13 54 84
28 34 39
24 26 84
31 38 51
57 65 74
5 35 56
1 30 36
40 48 50
8 23 43
15 41 44
13 35 61
22 72 76
8 24 26
47 49 50
9 47 52
3 60 75
26 39 69
45 54 73
13 17 49
13 49 81
12 18 36
20 70 78
64 67 72
26 29 52
2 12 66
51 52 71
21 27 70
17 22 59
6 16 37
40 54 65
24 45 84
32 41 47
6 9 16
16 30 58
1 5 20
44 60 77
35 43 48
18 45 80
22 68 83
6 61 72
19 37 63
14 23 35
38 52 76
32 74 80
59 62 75
49 68 70
54 61 75
10 36 78
2 42 66
14 22 57
11 29 54
5 23 76
16 53 74
21 68 79
36 64 84
3 52 57
16 34 42
60 69 77
23 35 61
46 62 68
11 70 82
50 59 84
18 42 74
18 31 74
10 50 70
14 37 63
3 12 20
2 4 66
38 45 81
32 44 57
3 33 61
7 39 46
12 51 64
7 9 54
5 42 49
78 84 85
29 39 58
35 42 60
1 14 73
54 70 81
3 14 66
3 37 40
42 57 73
19 45 62
27 35 40
10 47 55
11 44 74
17 40 53
13 24 33
34 36 60
31 59 82
2 18 85
32 58 76
14 25 48
30 33 61
33 40 52
12 25 56
30 63 83
12 38 84
8 56 66
12 17 61
6 25 67
1 63 77
20 51 64
36 37 52
31 43 79
70 75 80
1 33 45
10 31 70
37 38 78
37 49 78
18 35 48
22 64 85
60 62 69
31 55 62
37 71 84
51 66 72
19 33 65
23 46 61
52 57 66
32 35 52
20 63 74
21 33 76
19 45 48
31 47 85
45 61 80
45 51 57
28 43 54
3 7 12
31 36 66
12 47 52
7 75 79
18 30 45
21 22 84
26 77 81
63 69 85
14 77 81
43 65 84
14 15 17
47 48 76
36 56 70
24 31 40
59 65 66
18 42 55
68 75 82
3 41 46
22 64 71
6 18 41
29 38 65
14 48 59
20 28 84
30 34 47
15 55 57
60 75 83
11 13 50
7 15 78
1 3 17
1 44 67
6 15 72
9 10 11
12 53 82
18 22 82
10 83 84
12 24 37
21 33 80
4 46 60
19 21 85
2 15 52
5 8 64
41 56 73
10 39 41
2 27 44
13 56 64
3 48 63
50 54 61
4 8 42
35 53 64
5 45 49
20 77 79
15 42 68
12 27 65
26 47 62
10 27 81
30 58 80
20 21 31
59 79 81
33 47 50
22 56 80
38 40 64
59 63 82
27 31 46
16 18 42
29 42 57
14 17 84
16 21 38
6 51 78
29 31 66
11 16 77
10 65 76
5 31 33
15 40 45
11 17 42
19 37 61
6 8 27
1 7 18
25 71 82
14 62 64
23 50 66
25 42 55
9 12 42
45 50 69
13 56 77
37 45 57
20 43 72
6 22 38
38 44 66
30 58 66
41 79 84
30 66 79
37 49 54
15 24 51
3 21 58
36 55 82
8 34 41
13 27 46
20 28 65
24 33 85
8 26 37
23 68 74
13 29 74
8 26 46
1 46 67
34 50 82
22 37 62
33 47 54
58 59 73
29 60 79
28 39 69
7 19 47
