37 23 56
28 14 53
18 13 34
52 33 65
37 18 7
51 20 40
37 35 65
62 12 71
62 18 51
34 58 6
85 21 34
44 54 7
52 24 7
37 44 7
28 65 24
34 15 25
70 15 50
42 26 43
34 18 55
85 12 34
28 77 54
16 13 64
84 6 6
52 65 25
42 49 2
57 21 36
20 34 65
18 34 70
79 18 62
37 71 77
18 6 64
34 20 24
34 16 6
18 34 53
70 19 73
79 52 37
13 16 35
44 10 68
60 44 33
16 12 19
1 26 39
16 63 62
16 41 68
20 50 51
62 41 59
11 12 54
13 44 15
72 3 69
44 8 20
79 15 16
39 14 40
62 54 28
75 56 70
62 13 73
62 13 18
1 26 49
18 68 35
70 75 55
75 55 70
75 54 7
13 25 76
62 12 35
34 28 64
28 17 21
85 17 34
11 15 6
52 15 6
57 22 48
34 23 63
70 11 7
60 47 65
37 58 79
42 49 5
39 40 43
28 32 57
28 53 21
11 10 79
13 10 71
44 28 79
85 34 61
85 34 42
34 85 20
16 60 62
60 35 34
20 53 16
18 25 62
20 41 60
85 11 7
79 15 20
20 33 85
32 9
34 63 15
60 71 63
62 45 77
16 10 15
75 52 54
60 20 63
18 53 27
44 18 50
51 20 77
52 19 63
18 34 85
52 34 6
70 51 75
60 44 52
79 29 37
62 12 16
16 24 12
28 32 73
60 44 55
62 68 65
18 77 79
85 54 68
79 11 37
60 20 76
60 18 44
62 23 24
28 14 82
85 51 55
11 54 7
18 7 60
13 71 28
18 44 62
70 60 75
28 53 38
79 18 54
52 35 75
18 50 76
84 66 74
52 19 25
57 22 61
42 26 5
85 34 56
11 56 58
34 18 60
11 10 47
85 82 68
11 34 85
85 11 15
44 60 12
85 3 4
20 44 60
1 42 43
32 6 6
16 41 54
37 62 7
39 1 31
37 51 79
75 70 45
60 20 34
16 35 37
52 25 76
20 25 44
42 26 49
16 13 23
62 13 58
79 19 59
62 12 28
37 25 16
85 10 47
18 35 60
28 52 14
32 66 84
57 21 82
70 75 77
62 12 76
11 45 54
70 50 75
1 43 67
72 30 78
70 44 75
75 51 70
16 47 64
18 19 79
79 19 53
44 60 8
16 23 56
28 45 57
52 37 15
20 15 51
34 76 85
84 9 32
32 84 74
18 47 79
79 37 77
28 21 38
75 62 70
39 2 67
16 15 8
13 55 77
13 55 34
85 10 44
85 15 27
52 65 76
70 65 75
1 40 43
11 56 63
20 60 51
18 50 79
60 44 62
18 60 71
62 24 64
34 60 85
85 65 34
79 18 71
18 44 65
13 12 62
13 15 56
44 27 68
70 50 64
44 11 60
62 70 45
79 18 76
52 19 62
57 36 82
39 2 31
60 70 76
57 38 4
44 60 23
18 60 52
13 16 68
16 12 73
85 55 63
85 10 25
1 31 67
70 45 75
39 49 5
62 51 59
18 23 51
1 42 67
34 13 56
60 16 64
52 65 19
34 15 64
16 20 54
16 12 58
28 14 54
18 65 79
60 19 18
16 15 70
11 24 70
75 70 83
1 40 5
44 50 60
20 73 79
79 35 37
11 15 54
79 37 71
18 23 6
20 25 51
44 10 19
75 11 70
37 50 7
11 56 85
34 15 71
20 25 60
13 16 71
37 35 15
42 1 31
44 13 60
52 75 24
13 59 62
85 11 35
1 14 2
20 13 59
16 13 53
37 7 85
11 54 8
42 40 67
57 38 80
44 60 76
28 14 68
16 24 62
37 76 79
70 71 73
16 23 64
20 18 10
60 29 63
11 75 79
44 28 54
28 73 72
51 61 20
13 15 62
17 69 30
39 5 14
11 19 85
85 55 73
16 33 79
20 27 34
18 76 47
28 54 62
18 64 41
44 12 35
85 68 8
62 25 28
28 45 72
