42 1 31
32 6 6
28 45 72
13 10 71
16 13 23
37 7 85
28 24 65
42 2 49
37 51 79
85 68 8
79 15 16
20 25 60
85 51 55
79 18 62
57 22 48
34 13 56
37 15 35
70 51 75
85 10 47
70 71 73
62 12 35
52 25 76
62 13 58
16 35 37
42 26 49
28 14 52
85 10 44
85 34 65
62 12 16
79 35 37
28 21 38
16 41 68
28 14 53
44 18 50
18 77 79
1 31 67
85 11 15
37 44 7
11 10 47
44 23 60
20 27 34
34 60 85
62 13 18
75 52 54
57 36 82
44 60 8
60 63 71
16 47 64
32 74 84
62 41 59
11 12 54
16 13 53
79 18 71
75 70 83
13 25 76
62 12 71
57 22 61
13 15 62
44 50 60
37 76 79
16 41 54
85 17 34
44 60 76
34 16 6
44 27 68
70 60 75
70 55 75
52 19 65
20 34 65
11 10 79
57 38 80
57 38 4
85 21 34
28 54 62
1 42 43
42 26 43
70 75 77
16 13 64
20 41 60
16 12 58
1 26 49
11 56 58
20 10 18
34 20 24
52 15 6
70 45 75
44 54 7
17 30 69
52 15 37
13 12 62
57 21 82
11 34 85
85 55 63
39 2 31
1 40 5
60 20 63
18 23 51
79 37 71
34 23 63
13 15 44
85 11 7
37 35 65
20 25 44
13 28 71
18 25 62
37 23 56
62 12 76
85 54 68
18 44 62
52 19 63
52 19 62
20 33 85
18 27 53
28 32 57
16 12 73
39 2 67
84 32 9
16 33 79
52 24 7
18 50 76
13 55 77
13 16 71
13 16 68
44 10 68
18 13 34
34 20 85
62 12 28
51 20 61
44 13 60
11 75 79
39 49 5
37 58 79
44 10 19
11 19 85
1 40 43
52 65 76
62 51 59
60 18 44
20 73 79
52 19 25
18 34 70
34 18 60
79 18 76
16 20 54
34 15 63
18 19 79
34 76 85
18 65 79
37 18 7
16 12 24
85 34 42
18 41 64
28 72 73
44 28 54
18 60 71
32 66 84
70 11 7
32 9
70 15 50
16 12 19
20 13 59
62 28 54
39 1 31
85 15 27
79 19 53
42 49 5
34 58 6
75 56 70
52 24 75
34 15 71
52 34 6
79 29 37
70 44 75
75 11 70
79 37 77
18 34 85
28 54 77
16 23 56
18 6 64
52 33 65
11 54 7
60 70 76
20 50 51
18 47 79
62 24 64
39 40 43
85 34 56
37 50 7
62 25 28
28 17 21
75 51 70
85 34 61
39 14 40
37 71 77
85 3 4
1 42 67
18 47 76
37 16 25
44 11 60
11 54 8
1 43 67
16 15 70
11 15 6
60 20 76
20 15 51
84 66 74
60 33 44
13 34 55
60 44 55
85 10 25
62 65 68
62 23 24
34 28 64
18 52 60
28 14 68
85 55 73
62 13 73
42 26 5
13 15 56
75 54 7
34 18 55
37 62 7
20 25 51
60 29 63
60 47 65
42 40 67
70 19 73
62 45 77
79 11 37
51 20 77
39 14 5
20 51 60
16 60 62
60 44 62
18 60 7
18 34 53
34 15 64
57 21 36
62 18 51
18 23 6
28 14 82
75 62 70
60 16 64
62 45 70
13 16 35
85 11 35
44 20 8
72 30 78
11 45 54
60 18 19
75 55 70
79 19 59
84 6 6
34 15 25
28 14 54
44 12 35
60 34 35
75 45 70
11 56 63
18 50 79
60 20 34
44 28 79
51 20 40
28 21 53
70 50 75
52 35 75
16 15 8
18 35 60
85 12 34
13 59 62
11 15 54
60 44 52
11 24 70
79 18 54
16 24 62
1 26 39
28 45 57
20 44 60
18 44 65
11 56 85
18 35 68
16 62 63
70 50 64
16 10 15
28 38 53
72 3 69
79 37 52
85 68 82
20 16 53
28 32 73
1 14 2
44 12 60
79 15 20
70 65 75
52 25 65
16 23 64
