7,1
8,1
10,1
22,1
36,1
99,1
102,1
107,1
16,2
19,2
65,2
41,3
9,4
49,4
53,4
54,4
143,4
25,5
54,5
61,5
64,5
11,6
15,6
32,6
1,7
10,7
18,7
23,7
36,7
38,7
57,7
78,7
1,8
10,8
16,8
36,8
57,8
63,8
4,9
49,9
143,9
1,10
7,10
8,10
27,10
36,10
6,11
32,11
53,11
16,12
38,12
50,12
52,12
59,12
25,13
53,13
56,13
61,13
64,13
129,13
137,13
142,13
145,13
31,14
45,14
46,14
48,14
58,14
62,14
132,14
6,15
53,15
56,15
80,15
2,16
8,16
12,16
19,16
32,16
34,16
38,16
57,16
59,16
63,17
7,18
23,18
2,19
16,19
24,19
29,19
34,19
38,19
43,19
52,19
59,19
62,19
130,20
135,20
151,20
153,20
24,21
1,22
99,22
102,22
107,22
111,22
7,23
18,23
26,23
29,23
38,23
57,23
63,23
19,24
21,24
34,24
37,24
50,24
103,24
5,25
13,25
28,25
53,25
54,25
58,25
64,25
23,26
60,26
10,27
42,27
43,27
25,28
53,28
129,28
19,29
23,29
37,29
38,29
42,29
50,29
52,29
150,30
14,31
48,31
127,31
6,32
11,32
16,32
39,32
43,32
37,33
38,33
16,34
19,34
24,34
37,34
50,34
59,34
60,34
110,34
51,35
1,36
7,36
8,36
10,36
57,36
67,36
78,36
24,37
29,37
33,37
34,37
50,37
59,37
7,38
12,38
16,38
19,38
23,38
29,38
33,38
39,38
52,38
59,38
60,38
62,38
32,39
38,39
52,39
55,39
62,39
47,40
108,40
3,41
61,41
27,42
29,42
19,43
27,43
32,43
50,43
93,43
146,44
14,45
48,45
90,45
132,45
155,45
14,46
48,46
132,46
40,47
103,47
112,47
14,48
31,48
45,48
46,48
4,49
9,49
12,50
24,50
29,50
34,50
37,50
43,50
51,50
52,50
55,50
59,50
60,50
35,51
50,51
52,51
57,51
12,52
19,52
29,52
38,52
39,52
50,52
51,52
59,52
63,52
4,53
11,53
13,53
15,53
25,53
28,53
56,53
64,53
80,53
144,53
4,54
5,54
25,54
61,54
64,54
39,55
50,55
62,55
13,56
15,56
53,56
64,56
81,56
144,56
7,57
8,57
16,57
23,57
36,57
51,57
67,57
72,57
78,57
14,58
25,58
61,58
64,58
12,59
16,59
19,59
34,59
37,59
38,59
50,59
52,59
63,59
26,60
34,60
38,60
50,60
5,61
13,61
41,61
54,61
58,61
14,62
19,62
38,62
39,62
55,62
8,63
17,63
23,63
52,63
59,63
5,64
13,64
25,64
53,64
54,64
56,64
58,64
142,64
2,65
95,65
76,66
116,66
36,67
57,67
78,67
95,67
118,67
122,67
70,68
74,68
113,68
91,69
103,69
106,69
68,70
113,70
84,71
89,71
97,71
103,71
57,72
113,72
116,72
120,72
124,72
77,73
93,73
68,74
113,74
117,74
77,75
66,76
73,77
75,77
7,78
36,78
57,78
67,78
95,78
80,79
86,79
15,80
53,80
79,80
81,80
85,80
89,80
92,80
97,80
105,80
131,80
144,80
152,80
56,81
80,81
82,81
83,81
85,81
87,81
111,81
81,82
85,82
87,82
88,82
81,83
85,83
87,83
71,84
103,84
110,84
80,85
81,85
82,85
83,85
87,85
88,85
103,85
79,86
81,87
82,87
83,87
85,87
88,87
99,87
103,87
82,88
85,88
87,88
91,88
103,88
71,89
80,89
90,89
97,89
45,90
89,90
94,90
69,91
88,91
80,92
43,93
73,93
90,94
101,94
65,95
67,95
78,95
98,96
103,96
104,96
106,96
71,97
80,97
89,97
96,98
99,98
100,98
104,98
105,98
1,99
22,99
87,99
98,99
107,99
98,100
112,100
94,101
1,102
22,102
107,102
111,102
24,103
47,103
69,103
71,103
84,103
85,103
87,103
88,103
96,103
105,103
106,103
110,103
96,104
98,104
105,104
80,105
98,105
103,105
104,105
69,106
96,106
103,106
109,106
122,106
124,106
1,107
22,107
99,107
102,107
111,107
40,108
109,108
112,108
106,109
108,109
34,110
84,110
103,110
22,111
81,111
102,111
107,111
47,112
100,112
108,112
68,113
70,113
72,113
74,113
116,113
124,113
115,114
119,114
114,115
66,116
72,116
113,116
74,117
119,117
67,118
114,119
117,119
72,120
123,120
125,120
122,121
67,122
106,122
121,122
124,122
120,123
72,124
106,124
113,124
122,124
120,125
127,126
134,126
135,126
141,126
149,126
150,126
31,127
126,127
132,127
139,127
141,127
146,127
148,127
132,128
141,128
146,128
155,128
13,129
28,129
137,129
141,129
142,129
145,129
151,129
20,130
135,130
151,130
153,130
155,130
80,131
137,131
142,131
144,131
145,131
152,131
14,132
45,132
46,132
127,132
128,132
140,132
141,132
150,132
155,132
135,133
138,133
144,133
145,133
152,133
153,133
126,134
135,134
139,134
141,134
149,134
20,135
126,135
130,135
133,135
134,135
140,135
151,135
153,135
155,135
138,136
13,137
129,137
131,137
140,137
142,137
144,137
145,137
133,138
136,138
139,138
149,138
127,139
134,139
138,139
141,139
149,139
132,140
135,140
137,140
141,140
150,140
152,140
155,140
156,140
126,141
127,141
128,141
129,141
132,141
134,141
139,141
140,141
149,141
150,141
156,141
13,142
64,142
129,142
131,142
137,142
145,142
150,142
4,143
9,143
144,143
53,144
56,144
80,144
131,144
133,144
137,144
143,144
145,144
151,144
152,144
13,145
129,145
131,145
133,145
137,145
142,145
144,145
150,145
154,145
44,146
127,146
128,146
152,146
155,146
148,147
154,147
127,148
147,148
155,148
126,149
134,149
138,149
139,149
141,149
156,149
30,150
126,150
132,150
140,150
141,150
142,150
145,150
151,150
20,151
129,151
130,151
135,151
144,151
150,151
152,151
153,151
80,152
131,152
133,152
140,152
144,152
146,152
151,152
20,153
130,153
133,153
135,153
151,153
145,154
147,154
45,155
128,155
130,155
132,155
135,155
140,155
146,155
148,155
140,156
141,156
149,156