113 124 1
27 118 1
128 27 118 61 58 1
47 37 1
61 37 1
27 61 93 47 37 1
128 27 118 47 37 1
27 37 1
27 70 93 47 37 1
27 47 37 1
18 53 120 112 104 40 1
128 27 58 37 1
118 103 58 128 27 61 47 108 93 37 1
128 27 58 61 93 47 37 1
116 61 93 1
59 2 68 111
142 2 57
71 2 54 68
2 113 124 81
59 2 111
2 76 91
2 113 75
59 2 135 57
2 135 54
71 2 124
2 68 91
2 36 68
71 2 68
2 107 81
71 142 2 36 68 91
71 142 2 36 91
2 37 81
2 36 91
43 51 110 83 5
61 66 6
70 6 107
66 35 6
61 6 107
61 66 93 6
61 37 6
7 9 121 19
7 56 26
91 136 108 103 55 66 8 35 6 45
59 8 111
119 93 8 136 6 28
55 66 8
21 135 8
21 59 8
35 97 140 138 55 66 8 136 45 28
21 59 57 8
21 57 8
21 59 73 135 8 114 111 11
55 8 136
55 8 35
59 57 8
21 48 59 73 135 57 60 8 11 22
59 57 8 11
15 11 53
59 135 11
9 13 143 89 34
127 100 14
59 57 14
64 25 15 32 133
15 72 133 41
15 32 42
15 72 42 48
15 48 42
4 125 80 16
105 109 16
4 125 16
74 27 17 58 61 37 6 81
120 112 18
120 40 18
40 120 112 53 18
4 120 40 18
120 112 53 18
120 112 40 18
40 4 120 112 122 18
4 120 112 40 18
120 112 104 40 18
120 104 18
120 104 40 18
4 112 40 18
41 108 18
39 120 40 18
120 53 18
4 40 18
112 40 18
4 120 18
120 112 15 40 18
21 59 120 112 18
53 120 112 15 40 18
120 112 108 15 40 18
41 120 112 108 15 18
4 120 112 18
1 4 120 112 40 18
1 120 112 18
108 15 18
4 120 112 104 18
108 30 18
4 120 112 104 40 18
120 112 104 18
41 108 30 18
1 30 41 108 15 40 18
41 120 112 15 30 18
41 30 18
41 131 120 112 15 18
41 131 4 120 112 15 18
41 131 30 18
41 131 15 30 18
1 112 18
21 59 1 120 112 135 57 18
21 59 120 135 112 57 18
21 59 112 57 18
21 59 57 18
120 125 124 112 57 34 53 18 21 59 89 52 104 37 1
21 59 120 112 135 57 104 18
21 59 120 112 57 18
21 59 135 112 57 18
21 4 59 112 57 122 18
131 112 18
4 112 18
21 112 18
65 25 133 18
21 131 112 18
21 89 81
21 73 135
21 59 89 34
21 59 89 111
21 59 111
21 59 89
21 1 39 2 113 89 8 81
21 89 34
21 100 89
21 1 81
21 120 112 53
21 1 39 120 2 113 70 89 8 81
21 39 52 8
21 59 2 89 111
21 131 1
143 2 19 81 39 120 125 8 124 70 75 34 21 113 89 1
21 120 89
21 59 39 135 112
21 120 112
21 1 131 113 89 81
21 39 11
21 59 113 75
21 59 113
21 131 59
21 59 135
21 135 60 114
21 59 57
39 104 22
60 114 22
39 30 22
135 60 22
50 23 86
25 72 30
64 141 25 133
25 133 41
65 25 92 133 41
25 32 42
25 72 41
64 141 25 133 41
25 32 106
64 141 25
59 26 75
9 26 47
13 56 26
27 26 61 47
143 94 26
26 47 37
108 30 41
49 30 41
49 108 30 41
108 15 30
42 108 30 41
25 30 41
72 30 48
49 108 30
41 49 30 42
15 72 30 42
32 15 72 42
49 32 106 41
25 32 133
32 15 72 30 41
42 32 72 30 41
42 64 32 133 41
32 42 48
42 32 15 72 30 41
33 130 44
33 85 95 44 81
24 33 44
33 113 81
33 46 85
33 44 81
33 130 99 44
33 62 17 44
33 130 44 81
33 130 95 81
33 130 17 44 81
33 74 130 44
33 95 81
33 95 55
33 130 95
33 130 46
123 33 44
33 46 44
33 74 55 75
33 84 69
55 66 35
76 55 35
140 66 35
76 55 66 35
71 142 36
4 37 1
27 61 103 93 37 1
27 47 37
58 37 1
128 27 118 58 61 37 1
128 27 118 103 58 61 47 37 93 1
61 103 93 37 1
61 93 37
128 27 118 58 37
128 27 118 58 103 47 37
128 58 103 37
128 27 47 37
61 93 37 1
128 27 58 103 61 47 37
128 118 58 37
128 108 58 103 61 47 37
128 58 37
128 27 61 103 58 47 37 1
59 57 47 37 1
4 37 80
128 118 108 58 61 93 37
128 27 103 47 37 1
131 132 37
58 103 131 27 61 47 6 140 116 93 37
4 125 37 80
116 47 37
93 47 37
116 27 61 58 93 47 37
131 116 140 58 61 93 47 37 103
27 58 61 93 47 37
116 93 47 37
131 116 27 140 58 61 93 47 37
59 2 37
116 140 37
116 140 55 37
116 27 140 58 61 93 47 37
143 26 37
39 127 100
39 100 104 53
39 127 104
39 59 11
39 21 59 111
39 21 59
39 73 111
39 127 100 104
39 21 135
39 59 21 135 112 57 11 53
29 125 132 40
105 40 16
4 112 104 40
18 120 104 40 1
16 4 29 120 125 105 104 40 80
1 4 16 29 125 105 15 104 40 80
80 4 29 125 105 132 40 16
4 29 120 112 40
120 104 40
4 120 104 40
120 139 104 40
4 40 16
4 120 112 104 40 53
39 120 47 40 4 112 53 18 104 37 11 1
120 40 16
1 4 88 112 105 53 18 39 120 125 89 109 132 104 139 15 40 16
72 42 30
49 32 42
48 42 30
41 15 72 42 30
25 72 42 41
15 42 30
15 32 42 30
43 51 83 5
43 83 5
43 51 5
43 110 83
43 82 110
43 51 82 100 110
41 48 42
12 49 65 133
49 25 133 41
49 25 32 42 41
49 25 106
64 49 133 41
64 49 141 25 133
49 133 41
49 65 41
50 127 51
50 132 58
50 131 132
50 138 132
50 131 79 113
43 127 51 110 5
43 127 51 131 110 5
127 51 100
127 51 110
43 127 51 59 110 5
23 51 110
50 23 51 127 43 100 110 5 86
127 23 51 100
127 23 51
143 51 125
23 51 100
43 127 51 23 110 5
143 51 125 19
127 51 57
43 127 51 110 100 5
127 43 51 57
127 51 110 5
43 23 51 100
43 23 51 127 100
127 50 51 110 5
39 127 51
127 23 51 50 43 110 100 5
51 142 57
51 83 5
51 110 83 5
127 51 110 83 5
43 23 51
51 2 89 111
143 51 125 89 19
51 110 5
43 23 51 127
51 2 68 91
43 127 51
51 2 91
51 2 57
127 43 51 110 83 5
43 51 86
43 51 110
39 52 53
59 52 111
113 52 107
135 57 52
52 11 111
2 57 52 124
135 52 111
52 72 48
60 114 53
120 112 53
40 53 18
120 53 40
21 59 18 120 135 112 53 40
21 59 53
1 120 112 53 18
18 4 40 120 112 53 1
135 39 120 60 40 4 114 53 21 59 37 11 1
81 39 120 53 1
120 15 53
60 114 53 11
112 53 22
135 60 114 53 22
59 114 53
39 59 135 57 60 104 114 53
54 58 37
27 55 47 37
143 2 19 81 131 142 125 137 3 57 37
21 59 73 57 72
59 135 57
11 131 2 3 57 125 8 19 37 81
131 143 2 57 37 81
59 142 57 8 11
131 143 2 57 8 37 11 81
142 57 11
131 143 59 135 57 8 37 81
43 51 57 100
58 61 93
58 61 37
108 58 61 93 47 37
58 103 61 93 37
123 116 58
21 59 11
143 2 19 81 124 70 59 113 89 111 1
21 59 113 89 8 111 1
59 114 11 53
81 59 2 113 89 8 1
2 19 81 123 9 124 8 47 70 75 107 59 13 89 37 1
21 59 135 89
59 135 89
59 37 81
112 60 8
73 135 42 60 8 22 112 57 21 59 72 48 11
128 27 118 61 58 93 37 1
4 94 61
27 61 58 93 6
67 61 93
61 58 93 66 6
67 61 58
67 61 58 93
61 58 93 6
67 27 118 61 58 93 6
67 61 58 93 66 6
67 61 93 66 6
108 61 6
67 108 61 58 93 6
67 61 6
67 108 61 58 93
67 128 27 118 61 58 103 47 37 1
118 58 103 128 27 61 47 6 116 108 37 1
118 61 93
67 61 93 6
61 93 6
64 49 41
64 49 25 41
64 15 41
64 141 133 41
64 25 133
64 65 92
64 141 133
64 65 141 92 133
12 65 133
65 32 92 133
65 92 41
64 65 92 133 41
65 32 133
65 141 25 32
65 25 106 92 133 41
140 55 66 35
123 99 138 66
76 140 17 61 55 66 6
128 76 140 61 58 66 6
140 61 66 6
61 66 35 6
23 100 69
71 76 108 8
81 59 71 2 113 57 54 108 8 1
71 2 36 68
71 142 36 68
72 42 41
72 30 41
73 3 57
73 135 3 57
21 73 111
21 59 73
73 52 8 111
21 59 73 135 57 111
73 11 53
21 73 48
2 36 87 81 123 131 9 47 68 75 59 74
74 46 95 75 81
76 2 68
76 36 91
71 76 2 36 68 91
1 113 70 81
113 124 81
1 74 62 113 70 10 124 37 81
62 113 81
59 2 68 81
1 74 62 2 113 54 68 124 37 81
1 62 113 124 37 81
2 10 81 71 54 124 70 68 107 74 113 1
33 74 130 85 95 44 10 81
1 2 113 70 124 107 81
1 74 2 113 70 10 124 37 107 81
33 130 81
2 10 81 71 54 124 70 68 74 113 37 1
85 95 81
54 10 81
74 54 10 81
95 44 10 81
74 95 44 10 81
85 95 44 81
21 59 81
1 37 81
2 10 81 62 54 70 107 59 74 113 37 1
74 130 54 95 81
46 85 10 87 81 130 54 33 74 95 44
130 95 75 81
95 75 81
82 108 30
67 82 119
67 82 137
82 119 137
131 82 137
127 82 100
131 82 132
23 5 86
82 137 86
23 138 86
50 138 132 86
119 137 86
119 82 86
36 91 87
59 57 89
89 124 34
39 100 89
13 29 89
92 133 41
65 92 133 41
64 65 141 25 92 133
64 92 133
92 42 133
33 74 130 85 95 54 44 10
76 97 108 55 66 91 35
76 97 140 91 66
76 97 108
9 98 19
39 100 104
39 135 100 89 104
39 135 100 89 104 53
39 21 135 100 89 104 53
39 100 89 104 53
112 100 53
100 89 104
143 100 89
127 100 104
31 109 102
105 109 102
31 139 126 102
103 47 80
4 76 140 103 91 58 81 131 71 116 27 132 61 93 47 37 6 80
39 112 89 104 53
39 135 104
18 120 112 104 53 40
21 59 104
18 39 120 112 104 53 40
24 95 104
39 89 104
39 120 104 40 18
39 104 53
120 104 53
120 112 100 104
120 112 104
120 112 104 53 18
139 105 126
139 105 109 102
25 106 133 41
32 106 133
64 49 106
25 106 133
106 133 41
65 106 92 133
25 15 106
64 141 106 133
84 107 6
81 107 6
49 108 41
49 108 25 41
49 108 25
49 108 15 41
64 49 108
64 49 108 25 41
108 15 41
76 108 91
64 108 25 72
108 72 41
18 49 108 25 41
64 49 108 41
64 49 108 25 72 41
76 108 6
108 25 41
105 109 102 16
43 110 5
43 51 110 5
127 110 104
43 110 100
71 110 68
110 83 5
51 110 83
110 138 5
110 132 138
43 51 110 83
59 142 135 57 111
59 2 113 89 52 124 37 111 1
81 2 113 52 124 37 111 1
114 111 53
113 10 37
81 62 113 1
24 113 138
59 113 57
3 114 122
42 135 57 72 114 11 53
127 73 114 11 137
135 8 22 112 57 114 21 59 72 48 11
131 142 15 114 30 41
115 38 117 63 126 139 20
117 38 102
7 56 26 124
88 29 126 105 125 80 16
4 88 126 125 105 80 16
126 105 16
4 126 105 125 102 80 16
127 43 51 110
50 43 110 39 127 23 51 100 86 82 104 14
127 110 100
127 23 100
50 43 110 39 127 23 51 100 5 86 82 104 14
127 43 5
127 51 5
127 51 83 5
127 142 57
127 51 110 83
127 23 69
127 2 91
127 104 14
128 58 61 1
128 58 1
128 58 37 1
128 37 1
128 131 1
12 98 121 129
67 131 132 137
131 137 37
131 47 75
50 132 86
32 133 42
64 25 133 41
25 15 133
64 65 25 133 41
73 141 133
30 133 41
65 32 133 41
42 30 65 72 133 41
65 133 41
64 141 92 133
72 133 41
141 133 41
32 92 133
42 48 72 133 41
42 72 133 41
59 135 81
142 135 57
59 73 135 57
131 119 137
131 82 93 137
115 38 77 63 139 117 126 20
139 105 125 102 80 16
38 117 139
115 38 117 63 139 126 20 78
115 38 77 117 139 126 20 78
115 38 117 139 20 78
115 38 117 139 102 20 78
27 140 61 37
141 25 133
59 142 135 57
