117 129 1
29 122 1
133 29 122 65 62 1
51 41 1
65 41 1
29 65 97 51 41 1
133 29 122 51 41 1
29 41 1
29 74 97 51 41 1
29 51 41 1
20 57 125 116 108 44 1
133 29 62 41 1
122 107 62 133 29 65 51 112 97 41 1
133 29 62 65 97 51 41 1
120 65 97 1
63 2 72 115
147 2 61
75 2 58 72
2 117 129 85
63 2 115
2 80 95
2 117 79
63 2 140 61
2 140 58
75 2 129
2 72 95
2 40 72
75 2 72
2 111 85
75 147 2 40 72 95
75 147 2 40 95
2 41 85
2 40 95
47 55 114 87 5
65 70 6
74 6 111
70 39 6
65 6 111
65 70 97 6
65 41 6
7 9 126 21
7 60 28
95 141 112 107 59 70 8 39 6 49
63 8 115
123 97 8 141 6 30
59 70 8
23 140 8
23 63 8
39 101 145 143 59 70 8 141 49 30
23 63 61 8
23 61 8
23 63 77 140 8 118 115 12
59 8 141
59 8 39
63 61 8
23 52 63 77 140 61 64 8 12 24
63 61 8 12
17 12 57
63 140 12
9 14 148 93 38
132 104 15
63 61 15
68 27 17 36 138
17 76 138 45
17 36 46
17 76 46 52
17 52 46
4 130 84 18
109 113 18
4 130 18
78 29 19 62 65 41 6 85
125 116 20
125 44 20
44 125 116 57 20
4 125 44 20
125 116 57 20
125 116 44 20
44 4 125 116 127 20
4 125 116 44 20
125 116 108 44 20
125 108 20
125 108 44 20
4 116 44 20
45 112 20
43 125 44 20
125 57 20
4 44 20
116 44 20
4 125 20
125 116 17 44 20
23 63 125 116 20
57 125 116 17 44 20
125 116 112 17 44 20
45 125 116 112 17 20
4 125 116 20
1 4 125 116 44 20
1 125 116 20
112 17 20
4 125 116 108 20
112 33 20
4 125 116 108 44 20
125 116 108 20
45 112 33 20
1 33 45 112 17 44 20
45 125 116 17 33 20
45 33 20
45 136 125 116 17 20
45 136 4 125 116 17 20
45 136 33 20
45 136 17 33 20
1 116 20
23 63 1 125 116 140 61 20
23 63 125 140 116 61 20
23 63 116 61 20
23 63 61 20
125 130 129 116 61 38 57 20 23 63 93 56 108 41 1
23 63 125 116 140 61 108 20
23 63 125 116 61 20
23 63 140 116 61 20
23 4 63 116 61 127 20
136 116 20
4 116 20
23 116 20
69 27 138 20
23 136 116 20
23 93 85
23 77 140
23 63 93 38
23 63 93 115
23 63 115
23 63 93
23 1 43 2 117 93 8 85
23 93 38
23 104 93
23 1 85
23 125 116 57
23 1 43 125 2 117 74 93 8 85
23 43 56 8
23 63 2 93 115
23 136 1
148 2 21 85 43 125 130 8 129 74 79 38 23 117 93 1
23 125 93
23 63 43 140 116
23 125 116
23 1 136 117 93 85
23 43 12
23 63 117 79
23 63 117
23 136 63
23 63 140
23 140 64 118
23 63 61
43 108 24
64 118 24
43 33 24
140 64 24
54 25 90
27 76 33
68 146 27 138
27 138 45
69 27 96 138 45
27 36 46
27 76 45
68 146 27 138 45
27 36 110
68 146 27
63 28 79
9 28 51
14 60 28
29 28 65 51
148 98 28
28 51 41
112 33 45
53 33 45
53 112 33 45
112 17 33
46 112 33 45
27 33 45
76 33 52
53 112 33
45 53 33 46
17 76 33 46
36 17 76 46
53 36 110 45
27 36 138
36 17 76 33 45
46 36 76 33 45
46 68 36 138 45
36 46 52
46 36 17 76 33 45
37 135 48
37 89 99 48 85
26 37 48
37 117 85
37 50 89
37 48 85
37 135 103 48
37 66 19 48
37 135 48 85
37 135 99 85
37 135 19 48 85
37 78 135 48
37 99 85
37 99 59
37 135 99
37 135 50
128 37 48
37 50 48
37 78 59 79
37 88 73
59 70 39
80 59 39
145 70 39
80 59 70 39
75 147 40
4 41 1
29 65 107 97 41 1
29 51 41
62 41 1
133 29 122 62 65 41 1
133 29 122 107 62 65 51 41 97 1
65 107 97 41 1
65 97 41
133 29 122 62 41
133 29 122 62 107 51 41
133 62 107 41
133 29 51 41
65 97 41 1
133 29 62 107 65 51 41
133 122 62 41
133 112 62 107 65 51 41
133 62 41
133 29 65 107 62 51 41 1
63 61 51 41 1
4 41 84
133 122 112 62 65 97 41
133 29 107 51 41 1
136 137 41
62 107 136 29 65 51 6 145 120 97 41
4 130 41 84
120 51 41
97 51 41
120 29 65 62 97 51 41
136 120 145 62 65 97 51 41 107
29 62 65 97 51 41
120 97 51 41
136 120 29 145 62 65 97 51 41
63 2 41
120 145 41
120 145 59 41
120 29 145 62 65 97 51 41
148 28 41
43 132 104
43 104 108 57
43 132 108
43 63 12
43 23 63 115
43 23 63
43 77 115
43 132 104 108
43 23 140
43 63 23 140 116 61 12 57
32 130 137 44
109 44 18
4 116 108 44
20 125 108 44 1
18 4 32 125 130 109 108 44 84
1 4 18 32 130 109 17 108 44 84
84 4 32 130 109 137 44 18
4 32 125 116 44
125 108 44
4 125 108 44
125 144 108 44
4 44 18
4 125 116 108 44 57
43 125 51 44 4 116 57 20 108 41 12 1
125 44 18
1 4 92 116 109 57 20 43 125 130 93 113 137 108 144 17 44 18
76 46 33
53 36 46
52 46 33
45 17 76 46 33
27 76 46 45
17 46 33
17 36 46 33
47 55 87 5
47 87 5
47 55 5
47 114 87
47 86 114
47 55 86 104 114
45 52 46
13 53 69 138
53 27 138 45
53 27 36 46 45
53 27 110
68 53 138 45
68 53 146 27 138
53 138 45
53 69 45
54 132 55
54 137 62
54 136 137
54 143 137
54 136 83 117
47 132 55 114 5
47 132 55 136 114 5
132 55 104
132 55 114
47 132 55 63 114 5
25 55 114
54 25 55 132 47 104 114 5 90
132 25 55 104
132 25 55
148 55 130
25 55 104
47 132 55 25 114 5
148 55 130 21
132 55 61
47 132 55 114 104 5
132 47 55 61
132 55 114 5
47 25 55 104
47 25 55 132 104
132 54 55 114 5
43 132 55
132 25 55 54 47 114 104 5
55 147 61
55 87 5
55 114 87 5
132 55 114 87 5
47 25 55
55 2 93 115
148 55 130 93 21
55 114 5
47 25 55 132
55 2 72 95
47 132 55
55 2 95
55 2 61
132 47 55 114 87 5
47 55 90
47 55 114
43 56 57
63 56 115
117 56 111
140 61 56
56 12 115
2 61 56 129
140 56 115
56 76 52
64 118 57
125 116 57
44 57 20
125 57 44
23 63 20 125 140 116 57 44
23 63 57
1 125 116 57 20
20 4 44 125 116 57 1
140 43 125 64 44 4 118 57 23 63 41 12 1
85 43 125 57 1
125 17 57
64 118 57 12
116 57 24
140 64 118 57 24
63 118 57
43 63 140 61 64 108 118 57
58 62 41
29 59 51 41
148 2 21 85 136 147 130 142 3 61 41
23 63 77 61 76
63 140 61
12 136 2 3 61 130 8 21 41 85
136 148 2 61 41 85
63 147 61 8 12
136 148 2 61 8 41 12 85
147 61 12
136 148 63 140 61 8 41 85
47 55 61 104
62 65 97
62 65 41
112 62 65 97 51 41
62 107 65 97 41
128 120 62
23 63 12
148 2 21 85 129 74 63 117 93 115 1
23 63 117 93 8 115 1
63 118 12 57
85 63 2 117 93 8 1
2 21 85 128 9 129 8 51 74 79 111 63 14 93 41 1
23 63 140 93
63 140 93
63 41 85
116 64 8
77 140 46 64 8 24 116 61 23 63 76 52 12
133 29 122 65 62 97 41 1
4 98 65
29 65 62 97 6
71 65 97
65 62 97 70 6
71 65 62
71 65 62 97
65 62 97 6
71 29 122 65 62 97 6
71 65 62 97 70 6
71 65 97 70 6
112 65 6
71 112 65 62 97 6
71 65 6
71 112 65 62 97
71 133 29 122 65 62 107 51 41 1
122 62 107 133 29 65 51 6 120 112 41 1
122 65 97
71 65 97 6
65 97 6
68 53 45
68 53 27 45
68 17 45
68 146 138 45
68 27 138
68 69 96
68 146 138
68 69 146 96 138
13 69 138
69 36 96 138
69 96 45
68 69 96 138 45
69 36 138
69 146 27 36
69 27 110 96 138 45
145 59 70 39
128 103 143 70
80 145 19 65 59 70 6
133 80 145 65 62 70 6
145 65 70 6
65 70 39 6
25 104 73
75 80 112 8
85 63 75 2 117 61 58 112 8 1
75 2 40 72
75 147 40 72
76 46 45
76 33 45
77 3 61
77 140 3 61
23 77 115
23 63 77
77 56 8 115
23 63 77 140 61 115
77 12 57
23 77 52
2 40 91 85 128 136 9 51 72 79 63 78
78 50 99 79 85
80 2 72
80 40 95
75 80 2 40 72 95
1 117 74 85
117 129 85
1 78 66 117 74 11 129 41 85
66 117 85
63 2 72 85
1 78 66 2 117 58 72 129 41 85
1 66 117 129 41 85
2 11 85 75 58 129 74 72 111 78 117 1
37 78 135 89 99 48 11 85
1 2 117 74 129 111 85
1 78 2 117 74 11 129 41 111 85
37 135 85
2 11 85 75 58 129 74 72 78 117 41 1
89 99 85
58 11 85
78 58 11 85
99 48 11 85
78 99 48 11 85
89 99 48 85
23 63 85
1 41 85
2 11 85 66 58 74 111 63 78 117 41 1
78 135 58 99 85
50 89 11 91 85 135 58 37 78 99 48
135 99 79 85
99 79 85
86 112 33
71 86 123
71 86 142
86 123 142
136 86 142
132 86 104
136 86 137
25 5 90
86 142 90
25 143 90
54 143 137 90
123 142 90
123 86 90
40 95 91
63 61 93
93 129 38
43 104 93
14 32 93
96 138 45
69 96 138 45
68 69 146 27 96 138
68 96 138
96 46 138
37 78 135 89 99 58 48 11
80 101 112 59 70 95 39
80 101 145 95 70
80 101 112
9 102 21
43 104 108
43 140 104 93 108
43 140 104 93 108 57
43 23 140 104 93 108 57
43 104 93 108 57
116 104 57
104 93 108
148 104 93
132 104 108
34 113 106
109 113 106
34 144 131 106
107 51 84
4 80 145 107 95 62 85 136 75 120 29 137 65 97 51 41 6 84
43 116 93 108 57
43 140 108
20 125 116 108 57 44
23 63 108
20 43 125 116 108 57 44
26 99 108
43 93 108
43 125 108 44 20
43 108 57
125 108 57
125 116 104 108
125 116 108
125 116 108 57 20
144 109 131
144 109 113 106
27 110 138 45
36 110 138
68 53 110
27 110 138
110 138 45
69 110 96 138
27 17 110
68 146 110 138
88 111 6
85 111 6
53 112 45
53 112 27 45
53 112 27
53 112 17 45
68 53 112
68 53 112 27 45
112 17 45
80 112 95
68 112 27 76
112 76 45
20 53 112 27 45
68 53 112 45
68 53 112 27 76 45
80 112 6
112 27 45
109 113 106 18
47 114 5
47 55 114 5
132 114 108
47 114 104
75 114 72
114 87 5
55 114 87
114 143 5
114 137 143
47 55 114 87
63 147 140 61 115
63 2 117 93 56 129 41 115 1
85 2 117 56 129 41 115 1
118 115 57
117 11 41
85 66 117 1
26 117 143
63 117 61
3 118 127
46 140 61 76 118 12 57
132 77 118 12 142
140 8 24 116 61 118 23 63 76 52 12
136 147 17 118 33 45
119 42 121 67 131 144 22
121 42 106
7 60 28 129
92 32 131 109 130 84 18
4 92 131 130 109 84 18
131 109 18
4 131 109 130 106 84 18
132 47 55 114
54 47 114 43 132 25 55 104 90 86 108 15
132 114 104
132 25 104
54 47 114 43 132 25 55 104 5 90 86 108 15
132 47 5
132 55 5
132 55 87 5
132 147 61
132 55 114 87
132 25 73
132 2 95
132 108 15
133 62 65 1
133 62 1
133 62 41 1
133 41 1
133 136 1
13 102 126 134
71 136 137 142
136 142 41
136 51 79
54 137 90
36 138 46
68 27 138 45
27 17 138
68 69 27 138 45
77 146 138
33 138 45
69 36 138 45
46 33 69 76 138 45
69 138 45
68 146 96 138
76 138 45
146 138 45
36 96 138
46 52 76 138 45
46 76 138 45
63 140 85
147 140 61
63 77 140 61
136 123 142
136 86 97 142
119 42 81 67 144 121 131 22
144 109 130 106 84 18
42 121 144
119 42 121 67 144 131 22 82
119 42 81 121 144 131 22 82
119 42 121 144 22 82
119 42 121 144 106 22 82
29 145 65 41
146 27 138
63 147 140 61
