4 1
51 1
41 1
117 1
65 1
107 1
129 1
122 1
71 1
29 1
63 1
120 1
98 1
23 1
147 1
97 1
79 1
57 1
125 1
8 1
112 1
142 1
136 1
62 1
132 1
52 1
2 40
2 72
2 95
147 2
63 2
2 56
2 115
2 140
2 1
2 129
2 61
2 111
2 93
2 80
2 58
2 11
2 137
2 99
128 2
2 85
3 38
102 3
4 44
4 84
4 20
4 41
70 6
65 6
112 6
74 6
19 6
58 6
145 6
39 6
6 111
54 6
6 88
7 126
7 28
7 104
8 115
143 8
61 8
8 129
140 8
8 12
63 8
23 8
8 118
77 8
8 141
8 57
136 8
56 8
132 8
147 8
64 8
145 8
59 8
104 8
11 85
11 115
61 11
23 11
40 11
78 11
63 12
23 12
140 12
77 12
64 12
61 12
147 12
13 126
7 13
13 53
14 60
14 105
43 15
76 15
108 15
104 15
8 15
17 33
69 17
17 110
17 52
17 76
17 46
27 17
17 36
68 17
17 138
53 17
109 18
144 18
113 18
128 19
19 28
103 19
125 20
57 20
44 20
112 20
33 20
53 20
116 20
108 20
51 20
17 20
1 20
23 20
136 20
118 20
100 20
45 20
68 20
113 22
22 82
22 106
23 57
23 93
23 43
23 102
23 115
23 63
23 116
23 108
23 125
23 136
23 118
23 117
23 77
23 140
23 64
23 85
23 56
23 148
23 111
23 24
23 61
108 24
43 24
15 24
118 24
33 24
57 24
25 89
25 90
54 25
25 114
25 78
25 143
26 117
26 103
26 64
26 140
27 138
27 36
146 27
27 45
27 96
27 76
53 27
69 27
27 46
28 51
28 79
63 28
136 28
28 93
28 134
14 28
9 28
28 107
148 28
28 65
128 28
28 41
98 28
29 97
29 41
29 65
6 30
54 30
40 30
74 30
7 32
14 32
4 32
32 104
32 137
112 33
33 45
53 33
33 46
69 33
33 138
27 33
33 52
76 33
142 33
110 33
36 46
112 36
36 76
36 45
36 33
36 138
68 36
36 52
37 135
37 85
37 117
37 48
37 103
37 89
26 37
37 19
37 50
37 78
37 59
37 99
37 30
37 91
37 88
37 73
37 46
37 53
60 38
144 38
70 39
101 39
59 39
112 39
145 39
95 39
80 39
40 39
39 41
39 142
123 39
80 40
147 40
41 115
107 41
117 41
65 41
133 41
51 41
98 41
58 41
122 41
63 41
62 41
136 41
41 142
112 41
2 41
75 41
97 41
145 41
41 84
41 85
128 41
59 41
120 41
61 41
32 42
42 137
42 130
42 113
42 131
42 106
119 42
42 121
43 132
43 61
43 104
43 25
43 108
43 140
43 93
43 56
43 57
43 63
43 116
43 12
43 115
44 127
125 44
44 18
109 44
137 44
17 44
32 44
113 44
108 44
43 44
46 52
76 46
8 46
68 46
46 45
47 5
47 114
47 90
47 12
47 55
47 104
48 95
48 85
50 85
128 51
145 51
63 51
52 57
140 52
76 52
102 52
63 52
56 52
52 115
27 52
77 52
53 138
53 64
53 45
53 110
53 69
68 53
53 96
54 108
54 90
54 86
54 136
54 103
54 143
54 137
54 117
54 83
132 55
55 129
55 5
55 104
55 114
55 61
55 57
25 55
43 55
55 130
54 55
55 46
55 87
55 108
55 143
55 73
55 147
55 2
140 56
116 56
61 56
3 56
56 138
17 56
56 12
125 56
36 56
56 118
93 56
64 56
63 56
56 115
56 139
56 57
117 56
56 111
102 56
147 56
116 57
125 57
118 57
57 115
17 57
140 57
77 57
57 12
57 44
64 57
108 57
15 57
57 46
63 57
133 57
58 115
75 58
58 61
58 48
132 58
78 58
80 59
101 59
59 51
60 94
7 60
77 61
63 61
61 15
136 61
61 21
128 61
140 61
116 61
147 61
61 64
61 104
47 61
3 61
125 61
19 62
62 65
120 62
62 129
122 62
137 62
62 6
62 97
63 79
63 140
63 115
63 93
63 148
63 136
63 116
63 129
63 111
63 117
63 85
63 95
63 147
63 125
63 64
63 130
64 15
98 65
65 97
65 70
71 65
4 65
145 65
120 65
122 65
112 65
65 84
65 59
66 65
66 117
68 27
68 112
68 138
68 45
68 146
68 110
68 76
68 96
69 45
69 138
69 96
59 70
128 70
66 70
101 70
107 70
145 70
83 70
75 72
40 72
108 73
114 73
43 73
87 73
15 73
104 73
132 73
125 73
144 73
25 73
90 73
86 73
33 73
63 74
75 129
75 40
75 147
75 95
76 45
64 76
77 140
77 115
77 147
43 77
77 118
77 76
77 64
63 77
78 75
2 79
19 79
79 85
148 79
72 79
59 79
79 91
78 79
135 79
80 95
80 112
147 80
119 81
119 82
144 82
83 117
83 103
83 143
132 83
26 83
78 85
115 85
61 85
1 85
58 85
139 85
90 85
117 85
111 85
40 85
59 85
99 85
66 85
74 85
8 85
86 112
86 33
86 111
86 69
50 86
86 142
86 108
71 86
132 86
37 86
86 90
55 86
86 95
136 86
86 143
86 137
86 114
86 87
54 88
86 88
88 73
5 90
103 90
78 90
142 90
143 90
71 90
137 90
123 90
87 90
128 90
128 91
40 91
4 92
32 93
61 93
93 129
3 93
93 141
147 93
93 38
144 93
28 94
147 95
40 95
128 95
72 95
96 33
146 96
96 138
107 97
4 97
97 51
123 97
59 97
148 98
98 79
100 99
99 11
86 99
101 79
80 101
101 141
101 112
102 93
7 102
102 94
102 64
102 21
9 102
103 117
132 104
104 93
104 108
116 104
104 21
23 104
125 104
104 141
100 104
38 105
34 106
113 106
144 106
121 106
112 107
107 95
107 62
77 108
140 108
47 108
114 108
61 108
125 108
132 108
109 113
144 109
92 109
27 110
110 138
110 96
110 45
146 110
137 111
64 111
140 111
112 27
53 112
112 45
112 17
112 110
112 95
75 112
123 112
71 112
112 62
131 113
34 113
144 113
132 114
114 5
2 114
114 90
114 104
114 85
114 15
114 137
114 87
114 143
114 93
115 12
117 115
147 115
118 115
3 115
140 115
116 115
61 115
129 115
15 115
117 129
117 39
117 59
128 117
117 79
2 117
117 38
117 19
71 117
117 61
118 46
119 67
119 22
119 121
120 107
120 51
120 97
120 59
121 22
121 67
121 113
121 144
121 131
136 123
123 142
128 103
61 129
23 129
140 129
78 129
94 129
60 129
130 84
130 21
130 41
130 51
130 127
92 131
131 137
32 131
131 144
4 131
131 84
131 109
131 18
119 131
131 106
34 131
131 141
131 127
132 15
132 47
132 54
132 61
132 5
132 25
132 3
132 147
132 87
133 62
133 122
133 99
133 98
133 107
133 1
136 142
136 39
136 137
71 136
136 9
136 62
143 137
137 41
137 87
71 137
138 45
146 138
76 138
139 141
40 139
120 139
137 139
140 117
147 140
140 118
140 64
97 142
59 142
81 144
144 127
67 144
34 144
119 144
42 144
144 22
29 145
146 45
147 3
147 111
148 41
148 61
148 140
