4 1
47 1
37 1
113 1
61 1
103 1
124 1
118 1
67 1
27 1
59 1
116 1
94 1
21 1
142 1
93 1
75 1
53 1
120 1
8 1
108 1
137 1
131 1
58 1
127 1
48 1
2 36
2 68
2 91
142 2
59 2
2 52
2 111
2 135
2 1
2 124
2 57
2 107
2 89
2 76
2 54
2 10
2 132
2 95
123 2
2 81
3 34
98 3
4 40
4 80
4 18
4 37
66 6
61 6
108 6
70 6
17 6
54 6
140 6
35 6
6 107
50 6
6 84
7 121
7 26
7 100
8 111
138 8
57 8
8 124
135 8
8 11
59 8
21 8
8 114
73 8
8 136
8 53
131 8
52 8
127 8
142 8
60 8
140 8
55 8
100 8
10 81
10 111
57 10
21 10
36 10
74 10
59 11
21 11
135 11
73 11
60 11
57 11
142 11
12 121
7 12
12 49
13 56
13 101
39 14
72 14
104 14
100 14
8 14
15 30
65 15
15 106
15 48
15 72
15 42
25 15
15 32
64 15
15 133
49 15
105 16
139 16
109 16
123 17
17 26
99 17
120 18
53 18
40 18
108 18
30 18
49 18
112 18
104 18
47 18
15 18
1 18
21 18
131 18
114 18
96 18
41 18
64 18
109 20
20 78
20 102
21 53
21 89
21 39
21 98
21 111
21 59
21 112
21 104
21 120
21 131
21 114
21 113
21 73
21 135
21 60
21 81
21 52
21 143
21 107
21 22
21 57
104 22
39 22
14 22
114 22
30 22
53 22
23 85
23 86
50 23
23 110
23 74
23 138
24 113
24 99
24 60
24 135
25 133
25 32
141 25
25 41
25 92
25 72
49 25
65 25
25 42
26 47
26 75
59 26
131 26
26 89
26 129
13 26
9 26
26 103
143 26
26 61
123 26
26 37
94 26
27 93
27 37
27 61
6 28
50 28
36 28
70 28
7 29
13 29
4 29
29 100
29 132
108 30
30 41
49 30
30 42
65 30
30 133
25 30
30 48
72 30
137 30
106 30
32 42
108 32
32 72
32 41
32 30
32 133
64 32
32 48
33 130
33 81
33 113
33 44
33 99
33 85
24 33
33 17
33 46
33 74
33 55
33 95
33 28
33 87
33 84
33 69
33 42
33 49
56 34
139 34
66 35
97 35
55 35
108 35
140 35
91 35
76 35
36 35
35 37
35 137
119 35
76 36
142 36
37 111
103 37
113 37
61 37
128 37
47 37
94 37
54 37
118 37
59 37
58 37
131 37
37 137
108 37
2 37
71 37
93 37
140 37
37 80
37 81
123 37
55 37
116 37
57 37
29 38
38 132
38 125
38 109
38 126
38 102
115 38
38 117
39 127
39 57
39 100
39 23
39 104
39 135
39 89
39 52
39 53
39 59
39 112
39 11
39 111
40 122
120 40
40 16
105 40
132 40
15 40
29 40
109 40
104 40
39 40
42 48
72 42
8 42
64 42
42 41
43 5
43 110
43 86
43 11
43 51
43 100
44 91
44 81
46 81
123 47
140 47
59 47
48 53
135 48
72 48
98 48
59 48
52 48
48 111
25 48
73 48
49 133
49 60
49 41
49 106
49 65
64 49
49 92
50 104
50 86
50 82
50 131
50 99
50 138
50 132
50 113
50 79
127 51
51 124
51 5
51 100
51 110
51 57
51 53
23 51
39 51
51 125
50 51
51 42
51 83
51 104
51 138
51 69
51 142
51 2
135 52
112 52
57 52
3 52
52 133
15 52
52 11
120 52
32 52
52 114
89 52
60 52
59 52
52 111
52 134
52 53
113 52
52 107
98 52
142 52
112 53
120 53
114 53
53 111
15 53
135 53
73 53
53 11
53 40
60 53
104 53
14 53
53 42
59 53
128 53
54 111
71 54
54 57
54 44
127 54
74 54
76 55
97 55
55 47
56 90
7 56
73 57
59 57
57 14
131 57
57 19
123 57
135 57
112 57
142 57
57 60
57 100
43 57
3 57
120 57
17 58
58 61
116 58
58 124
118 58
132 58
58 6
58 93
59 75
59 135
59 111
59 89
59 143
59 131
59 112
59 124
59 107
59 113
59 81
59 91
59 142
59 120
59 60
59 125
60 14
94 61
61 93
61 66
67 61
4 61
140 61
116 61
118 61
108 61
61 80
61 55
62 61
62 113
64 25
64 108
64 133
64 41
64 141
64 106
64 72
64 92
65 41
65 133
65 92
55 66
123 66
62 66
97 66
103 66
140 66
79 66
71 68
36 68
104 69
110 69
39 69
83 69
14 69
100 69
127 69
120 69
139 69
23 69
86 69
82 69
30 69
59 70
71 124
71 36
71 142
71 91
72 41
60 72
73 135
73 111
73 142
39 73
73 114
73 72
73 60
59 73
74 71
2 75
17 75
75 81
143 75
68 75
55 75
75 87
74 75
130 75
76 91
76 108
142 76
115 77
115 78
139 78
79 113
79 99
79 138
127 79
24 79
74 81
111 81
57 81
1 81
54 81
134 81
86 81
113 81
107 81
36 81
55 81
95 81
62 81
70 81
8 81
82 108
82 30
82 107
82 65
46 82
82 137
82 104
67 82
127 82
33 82
82 86
51 82
82 91
131 82
82 138
82 132
82 110
82 83
50 84
82 84
84 69
5 86
99 86
74 86
137 86
138 86
67 86
132 86
119 86
83 86
123 86
123 87
36 87
4 88
29 89
57 89
89 124
3 89
89 136
142 89
89 34
139 89
26 90
142 91
36 91
123 91
68 91
92 30
141 92
92 133
103 93
4 93
93 47
119 93
55 93
143 94
94 75
96 95
95 10
82 95
97 75
76 97
97 136
97 108
98 89
7 98
98 90
98 60
98 19
9 98
99 113
127 100
100 89
100 104
112 100
100 19
21 100
120 100
100 136
96 100
34 101
31 102
109 102
139 102
117 102
108 103
103 91
103 58
73 104
135 104
43 104
110 104
57 104
120 104
127 104
105 109
139 105
88 105
25 106
106 133
106 92
106 41
141 106
132 107
60 107
135 107
108 25
49 108
108 41
108 15
108 106
108 91
71 108
119 108
67 108
108 58
126 109
31 109
139 109
127 110
110 5
2 110
110 86
110 100
110 81
110 14
110 132
110 83
110 138
110 89
111 11
113 111
142 111
114 111
3 111
135 111
112 111
57 111
124 111
14 111
113 124
113 35
113 55
123 113
113 75
2 113
113 34
113 17
67 113
113 57
114 42
115 63
115 20
115 117
116 103
116 47
116 93
116 55
117 20
117 63
117 109
117 139
117 126
131 119
119 137
123 99
57 124
21 124
135 124
74 124
90 124
56 124
125 80
125 19
125 37
125 47
125 122
88 126
126 132
29 126
126 139
4 126
126 80
126 105
126 16
115 126
126 102
31 126
126 136
126 122
127 14
127 43
127 50
127 57
127 5
127 23
127 3
127 142
127 83
128 58
128 118
128 95
128 94
128 103
128 1
131 137
131 35
131 132
67 131
131 9
131 58
138 132
132 37
132 83
67 132
133 41
141 133
72 133
134 136
36 134
116 134
132 134
135 113
142 135
135 114
135 60
93 137
55 137
77 139
139 122
63 139
31 139
115 139
38 139
139 20
27 140
141 41
142 3
142 107
143 37
143 57
143 135
