3 0
46 0
36 0
112 0
60 0
102 0
123 0
117 0
66 0
26 0
58 0
115 0
93 0
20 0
141 0
92 0
74 0
52 0
119 0
7 0
107 0
136 0
130 0
57 0
126 0
47 0
1 35
1 67
1 90
141 1
58 1
1 51
1 110
1 134
1 0
1 123
1 56
1 106
1 88
1 75
1 53
1 9
1 131
1 94
122 1
1 80
2 33
97 2
3 39
3 79
3 17
3 36
65 5
60 5
107 5
69 5
16 5
53 5
139 5
34 5
5 106
49 5
5 83
6 120
6 25
6 99
7 110
137 7
56 7
7 123
134 7
7 10
58 7
20 7
7 113
72 7
7 135
7 52
130 7
51 7
126 7
141 7
59 7
139 7
54 7
99 7
9 80
9 110
56 9
20 9
35 9
73 9
58 10
20 10
134 10
72 10
59 10
56 10
141 10
11 120
6 11
11 48
12 55
12 100
38 13
71 13
103 13
99 13
7 13
14 29
64 14
14 105
14 47
14 71
14 41
24 14
14 31
63 14
14 132
48 14
104 15
138 15
108 15
122 16
16 25
98 16
119 17
52 17
39 17
107 17
29 17
48 17
111 17
103 17
46 17
14 17
0 17
20 17
130 17
113 17
95 17
40 17
63 17
108 19
19 77
19 101
20 52
20 88
20 38
20 97
20 110
20 58
20 111
20 103
20 119
20 130
20 113
20 112
20 72
20 134
20 59
20 80
20 51
20 142
20 106
20 21
20 56
103 21
38 21
13 21
113 21
29 21
52 21
22 84
22 85
49 22
22 109
22 73
22 137
23 112
23 98
23 59
23 134
24 132
24 31
140 24
24 40
24 91
24 71
48 24
64 24
24 41
25 46
25 74
58 25
130 25
25 88
25 128
12 25
8 25
25 102
142 25
25 60
122 25
25 36
93 25
26 92
26 36
26 60
5 27
49 27
35 27
69 27
6 28
12 28
3 28
28 99
28 131
107 29
29 40
48 29
29 41
64 29
29 132
24 29
29 47
71 29
136 29
105 29
31 41
107 31
31 71
31 40
31 29
31 132
63 31
31 47
32 129
32 80
32 112
32 43
32 98
32 84
23 32
32 16
32 45
32 73
32 54
32 94
32 27
32 86
32 83
32 68
32 41
32 48
55 33
138 33
65 34
96 34
54 34
107 34
139 34
90 34
75 34
35 34
34 36
34 136
118 34
75 35
141 35
36 110
102 36
112 36
60 36
127 36
46 36
93 36
53 36
117 36
58 36
57 36
130 36
36 136
107 36
1 36
70 36
92 36
139 36
36 79
36 80
122 36
54 36
115 36
56 36
28 37
37 131
37 124
37 108
37 125
37 101
114 37
37 116
38 126
38 56
38 99
38 22
38 103
38 134
38 88
38 51
38 52
38 58
38 111
38 10
38 110
39 121
119 39
39 15
104 39
131 39
14 39
28 39
108 39
103 39
38 39
41 47
71 41
7 41
63 41
41 40
42 4
42 109
42 85
42 10
42 50
42 99
43 90
43 80
45 80
122 46
139 46
58 46
47 52
134 47
71 47
97 47
58 47
51 47
47 110
24 47
72 47
48 132
48 59
48 40
48 105
48 64
63 48
48 91
49 103
49 85
49 81
49 130
49 98
49 137
49 131
49 112
49 78
126 50
50 123
50 4
50 99
50 109
50 56
50 52
22 50
38 50
50 124
49 50
50 41
50 82
50 103
50 137
50 68
50 141
50 1
134 51
111 51
56 51
2 51
51 132
14 51
51 10
119 51
31 51
51 113
88 51
59 51
58 51
51 110
51 133
51 52
112 51
51 106
97 51
141 51
111 52
119 52
113 52
52 110
14 52
134 52
72 52
52 10
52 39
59 52
103 52
13 52
52 41
58 52
127 52
53 110
70 53
53 56
53 43
126 53
73 53
75 54
96 54
54 46
55 89
6 55
72 56
58 56
56 13
130 56
56 18
122 56
134 56
111 56
141 56
56 59
56 99
42 56
2 56
119 56
16 57
57 60
115 57
57 123
117 57
131 57
57 5
57 92
58 74
58 134
58 110
58 88
58 142
58 130
58 111
58 123
58 106
58 112
58 80
58 90
58 141
58 119
58 59
58 124
59 13
93 60
60 92
60 65
66 60
3 60
139 60
115 60
117 60
107 60
60 79
60 54
61 60
61 112
63 24
63 107
63 132
63 40
63 140
63 105
63 71
63 91
64 40
64 132
64 91
54 65
122 65
61 65
96 65
102 65
139 65
78 65
70 67
35 67
103 68
109 68
38 68
82 68
13 68
99 68
126 68
119 68
138 68
22 68
85 68
81 68
29 68
58 69
70 123
70 35
70 141
70 90
71 40
59 71
72 134
72 110
72 141
38 72
72 113
72 71
72 59
58 72
73 70
1 74
16 74
74 80
142 74
67 74
54 74
74 86
73 74
129 74
75 90
75 107
141 75
114 76
114 77
138 77
78 112
78 98
78 137
126 78
23 78
73 80
110 80
56 80
0 80
53 80
133 80
85 80
112 80
106 80
35 80
54 80
94 80
61 80
69 80
7 80
81 107
81 29
81 106
81 64
45 81
81 136
81 103
66 81
126 81
32 81
81 85
50 81
81 90
130 81
81 137
81 131
81 109
81 82
49 83
81 83
83 68
4 85
98 85
73 85
136 85
137 85
66 85
131 85
118 85
82 85
122 85
122 86
35 86
3 87
28 88
56 88
88 123
2 88
88 135
141 88
88 33
138 88
25 89
141 90
35 90
122 90
67 90
91 29
140 91
91 132
102 92
3 92
92 46
118 92
54 92
142 93
93 74
95 94
94 9
81 94
96 74
75 96
96 135
96 107
97 88
6 97
97 89
97 59
97 18
8 97
98 112
126 99
99 88
99 103
111 99
99 18
20 99
119 99
99 135
95 99
33 100
30 101
108 101
138 101
116 101
107 102
102 90
102 57
72 103
134 103
42 103
109 103
56 103
119 103
126 103
104 108
138 104
87 104
24 105
105 132
105 91
105 40
140 105
131 106
59 106
134 106
107 24
48 107
107 40
107 14
107 105
107 90
70 107
118 107
66 107
107 57
125 108
30 108
138 108
126 109
109 4
1 109
109 85
109 99
109 80
109 13
109 131
109 82
109 137
109 88
110 10
112 110
141 110
113 110
2 110
134 110
111 110
56 110
123 110
13 110
112 123
112 34
112 54
122 112
112 74
1 112
112 33
112 16
66 112
112 56
113 41
114 62
114 19
114 116
115 102
115 46
115 92
115 54
116 19
116 62
116 108
116 138
116 125
130 118
118 136
122 98
56 123
20 123
134 123
73 123
89 123
55 123
124 79
124 18
124 36
124 46
124 121
87 125
125 131
28 125
125 138
3 125
125 79
125 104
125 15
114 125
125 101
30 125
125 135
125 121
126 13
126 42
126 49
126 56
126 4
126 22
126 2
126 141
126 82
127 57
127 117
127 94
127 93
127 102
127 0
130 136
130 34
130 131
66 130
130 8
130 57
137 131
131 36
131 82
66 131
132 40
140 132
71 132
133 135
35 133
115 133
131 133
134 112
141 134
134 113
134 59
92 136
54 136
76 138
138 121
62 138
30 138
114 138
37 138
138 19
26 139
140 40
141 2
141 106
142 36
142 56
142 134
