9,83,113
61,76,173
24,47,137
137,197,199
47,137,197
47,137,199
47,197,199
24,47,197
24,137,197
51,69,73
43,127,176
24,137,199
24,47,199
24,197,199
51,87,129
9,93,177
24,47,94
5,125,130
78,175,190
66,81,159
51,73,116
73,87,129
119,143,198
51,73,129
66,81,210
24,39,71
47,94,197
35,100,162
51,73,87
14,78,169
56,69,75
81,143,186
76,160,173
76,170,173
77,173,186
96,126,210
51,73,172
61,160,173
24,94,197
47,59,202
54,99,174
1,69,174
40,71,88
81,143,151
6,39,71
7,67,192
90,149,211
6,24,71
16,35,100
19,23,200
29,51,95
51,87,95
119,180,188
16,91,205
38,163,181
6,24,39
16,57,191
51,116,172
61,76,170
63,120,181
81,126,184
144,176,210
16,35,91
19,38,206
22,23,156
40,88,121
51,73,150
34,108,187
51,87,116
5,149,201
99,116,172
138,146,153
9,28,113
16,91,98
18,31,57
43,126,159
51,129,183
56,75,128
61,76,160
73,95,129
29,51,73
29,51,129
34,80,187
35,91,208
51,73,153
51,105,153
73,129,150
85,138,166
93,155,189
95,116,172
16,35,203
18,38,82
24,31,34
54,138,154
54,138,174
73,87,95
88,154,174
99,138,174
117,126,135
16,57,91
16,138,146
23,156,200
26,41,193
31,57,98
73,87,150
85,92,166
2,133,196
5,182,201
16,35,98
18,34,82
23,59,156
35,85,92
38,54,99
57,91,157
92,203,208
98,180,188
99,138,154
119,143,180
5,158,201
16,35,208
19,38,71
22,23,59
35,57,203
43,81,159
54,99,138
64,102,103
68,77,186
10,175,195
18,120,163
19,31,57
27,114,209
29,51,87
38,40,54
51,73,105
51,87,150
52,96,188
54,118,138
54,154,174
61,170,173
65,66,112
73,116,153
96,126,143
99,154,174
138,154,174
16,91,138
16,91,208
22,59,156
29,51,172
29,87,95
35,92,146
35,138,203
38,40,71
43,48,126
43,66,159