38,1
69,1
106,1
123,1
154,1
161,1
174,1
186,1
4,2
104,2
128,2
133,2
196,2
40,3
45,3
71,3
72,3
80,3
86,3
88,3
121,3
123,3
187,3
198,3
2,4
24,4
119,4
140,4
147,4
170,4
173,4
59,5
67,5
125,5
130,5
149,5
158,5
182,5
195,5
201,5
24,6
39,6
71,6
80,6
85,6
208,6
36,7
67,7
71,7
139,7
154,7
181,7
192,7
58,8
102,8
16,9
28,9
58,9
83,9
93,9
113,9
177,9
190,9
78,10
83,10
175,10
195,10
28,11
87,11
153,11
18,12
33,12
37,12
62,12
26,13
41,13
106,13
195,13
203,13
78,14
168,14
169,14
175,14
183,14
31,15
70,15
78,15
175,15
9,16
35,16
57,16
91,16
98,16
100,16
136,16
138,16
146,16
167,16
191,16
203,16
205,16
208,16
40,17
58,17
92,17
155,17
175,17
189,17
205,17
12,18
31,18
34,18
37,18
38,18
49,18
57,18
67,18
82,18
120,18
123,18
163,18
181,18
195,18
23,19
31,19
38,19
40,19
57,19
59,19
71,19
85,19
100,19
200,19
206,19
33,20
36,20
40,20
80,20
106,20
55,21
83,21
112,21
137,21
183,21
185,21
191,21
23,22
59,22
156,22
19,23
22,23
28,23
30,23
59,23
156,23
182,23
200,23
4,24
6,24
30,24
31,24
34,24
39,24
47,24
71,24
77,24
82,24
94,24
137,24
138,24
197,24
199,24
102,25
13,26
41,26
44,26
193,26
114,27
128,27
148,27
154,27
155,27
209,27
9,28
11,28
23,28
113,28
191,28
210,28
51,29
73,29
75,29
87,29
95,29
116,29
121,29
129,29
172,29
23,30
24,30
45,30
55,30
62,30
82,30
163,30
198,30
15,31
18,31
19,31
24,31
34,31
57,31
93,31
98,31
103,31
39,32
145,32
179,32
12,33
20,33
36,33
49,33
88,33
18,34
24,34
31,34
38,34
52,34
80,34
82,34
108,34
181,34
187,34
16,35
57,35
85,35
91,35
92,35
98,35
100,35
136,35
138,35
146,35
157,35
162,35
203,35
208,35
7,36
20,36
33,36
37,36
38,36
47,36
49,36
53,36
67,36
72,36
82,36
106,36
145,36
154,36
161,36
174,36
200,36
206,36
12,37
18,37
36,37
62,37
81,37
106,37
149,37
1,38
18,38
19,38
34,38
36,38
40,38
54,38
71,38
82,38
99,38
120,38
163,38
181,38
206,38
6,39
24,39
32,39
45,39
49,39
71,39
145,39
179,39
181,39
192,39
201,39
208,39
3,40
17,40
19,40
20,40
38,40
54,40
71,40
72,40
88,40
110,40
121,40
161,40
13,41
26,41
142,41
193,41
195,41
123,42
161,42
48,43
66,43
81,43
87,43
115,43
117,43
126,43
127,43
135,43
159,43
176,43
184,43
210,43
26,44
158,44
172,44
193,44
3,45
30,45
39,45
72,45
145,45
181,45
99,46
165,46
196,46
204,46
24,47
36,47
59,47
94,47
137,47
139,47
145,47
197,47
199,47
202,47
43,48
81,48
126,48
159,48
184,48
18,49
33,49
36,49
39,49
67,49
139,49
181,49
192,49
86,50
124,50
158,50
29,51
69,51
73,51
75,51
84,51
87,51
95,51
105,51
116,51
129,51
150,51
153,51
172,51
183,51
34,52
90,52
92,52
96,52
109,52
119,52
143,52
166,52
178,52
188,52
198,52
209,52
36,53
88,53
139,53
38,54
40,54
77,54
96,54
99,54
118,54
138,54
154,54
174,54
21,55
30,55
169,55
183,55
185,55
69,56
75,56
128,56
172,56
16,57
18,57
19,57
31,57
35,57
80,57
85,57
91,57
92,57
98,57
136,57
138,57
157,57
158,57
191,57
203,57
205,57
8,58
9,58
17,58
162,58
5,59
19,59
22,59
23,59
47,59
134,59
149,59
153,59
156,59
202,59
68,60
77,60
180,60
210,60
76,61
89,61
96,61
131,61
147,61
160,61
170,61
173,61
12,62
30,62
37,62
92,62
163,62
120,63
181,63
102,64
103,64
66,65
89,65
93,65
112,65
115,65
162,65
169,65
172,65
177,65
207,65
210,65
43,66
65,66
78,66
81,66
112,66
125,66
130,66
159,66
184,66
210,66
5,67
7,67
18,67
36,67
49,67
139,67
150,67
181,67
192,67
60,68
73,68
77,68
81,68
96,68
180,68
186,68
1,69
51,69
56,69
73,69
75,69
99,69
116,69
128,69
153,69
174,69
15,70
78,70
83,70
155,70
175,70
3,71
6,71
7,71
19,71
24,71
38,71
39,71
40,71
72,71
88,71
110,71
121,71
139,71
148,71
192,71
3,72
36,72
40,72
45,72
71,72
86,72
88,72
145,72
181,72
197,72
29,73
51,73
68,73
69,73
87,73
95,73
105,73
116,73
118,73
129,73
138,73
150,73
153,73
172,73
210,74
29,75
51,75
56,75
69,75
77,75
79,75
84,75
99,75
114,75
128,75
150,75
153,75
172,75
182,75
61,76
131,76
138,76
159,76
160,76
170,76
173,76
203,76
24,77
54,77
60,77
68,77
75,77
81,77
125,77
130,77
173,77
180,77
186,77
210,77
10,78
14,78
15,78
66,78
70,78
113,78
141,78
168,78
169,78
175,78
190,78
75,79
99,79
138,79
154,79
174,79
3,80
6,80
20,80
34,80
57,80
187,80
37,81
43,81
48,81
66,81
68,81
77,81
111,81
113,81
125,81
126,81
127,81
130,81
143,81
151,81
159,81
176,81
180,81
184,81
186,81
210,81
18,82
24,82
30,82
34,82
36,82
38,82
106,82
149,82
163,82
203,82
9,83
10,83
21,83
70,83
113,83
131,83
175,83
190,83
191,83
51,84
75,84
86,84
87,84
99,84
117,84
150,84
153,84
6,85
19,85
35,85
57,85
92,85
103,85
138,85
146,85
166,85
191,85
207,85
3,86
50,86
72,86
84,86
97,86
108,86
181,86
11,87
29,87
43,87
51,87
73,87
84,87
95,87
116,87
129,87
150,87
3,88
33,88
40,88
53,88
71,88
72,88
121,88
145,88
154,88
174,88
200,88
61,89
65,89
130,89
52,90
149,90
158,90
182,90
211,90
16,91
35,91
57,91
98,91
129,91
136,91
138,91
146,91
157,91
203,91
205,91
208,91
17,92
35,92
52,92
57,92
62,92
85,92
100,92
136,92
138,92
143,92
146,92
166,92
180,92
191,92
203,92
208,92
9,93
31,93
65,93
113,93
155,93
168,93
177,93
189,93
190,93
24,94
47,94
147,94
197,94
29,95
51,95
73,95
87,95
116,95
129,95
138,95
172,95
52,96
54,96
61,96
68,96
125,96
126,96
127,96
143,96
186,96
188,96
210,96
86,97
123,97
16,98
31,98
35,98
57,98
91,98
119,98
146,98
180,98
188,98
203,98
38,99
46,99
54,99
69,99
75,99
79,99
84,99
114,99
116,99
119,99
128,99
138,99
153,99
154,99
172,99
174,99
185,99
16,100
19,100
35,100
92,100
102,100
119,100
136,100
146,100
162,100
191,100
203,100
148,101
194,101
196,101
8,102
25,102
64,102
100,102
103,102
116,102
156,102
162,102
188,102
31,103
64,103
85,103
102,103
2,104
130,104
51,105
73,105
153,105
172,105
1,106
13,106
20,106
36,106
37,106
82,106
174,107
34,108
86,108
139,108
158,108
179,108
187,108
197,108
52,109
141,109
178,109
207,109
209,109
40,110
71,110
206,110
81,111
130,111
143,111
180,111
21,112
65,112
66,112
132,112
162,112
189,112
190,112
9,113
28,113
78,113
81,113
83,113
93,113
162,113
177,113
190,113
210,113
27,114
75,114
99,114
209,114
43,115
65,115
125,115
143,115
180,115
186,115
29,116
51,116
69,116
73,116
87,116
95,116
99,116
102,116
153,116
172,116
43,117
84,117
126,117
135,117
144,117
210,117
54,118
73,118
138,118
4,119
52,119
98,119
99,119
100,119
136,119
140,119
143,119
146,119
180,119
185,119
188,119
198,119
18,120
38,120
63,120
163,120
181,120
3,121
29,121
40,121
71,121
88,121
178,122
209,122
1,123
3,123
18,123
42,123
97,123
50,124
196,124
5,125
66,125
77,125
81,125
96,125
115,125
126,125
127,125
130,125
135,125
143,125
176,125
43,126
48,126
81,126
96,126
117,126
125,126
127,126
130,126
135,126
143,126
159,126
176,126
184,126
188,126
210,126
43,127
81,127
96,127
125,127
126,127
176,127
2,128
27,128
56,128
69,128
75,128
99,128
153,128
180,128
29,129
51,129
73,129
87,129
91,129
95,129
137,129
146,129
150,129
162,129
183,129
200,129
5,130
66,130
77,130
81,130
89,130
104,130
111,130
125,130
126,130
144,130
176,130
210,130
61,131
76,131
83,131
147,131
112,132
190,132
2,133
165,133
196,133
59,134
145,134
43,135
117,135
125,135
126,135
198,135
210,135
16,136
35,136
57,136
91,136
92,136
100,136
119,136
198,136
21,137
24,137
47,137
129,137
197,137
199,137
16,138
24,138
35,138
54,138
57,138
73,138
76,138
79,138
85,138
91,138
92,138
95,138
99,138
118,138
146,138
153,138
154,138
155,138
157,138
166,138
174,138
191,138
203,138
205,138
207,138
7,139
47,139
49,139
53,139
67,139
71,139
108,139
145,139
162,139
181,139
197,139
206,139
4,140
119,140
180,140
78,141
109,141
41,142
52,143
81,143
92,143
96,143
111,143
115,143
119,143
125,143
126,143
151,143
168,143
180,143
186,143
198,143
117,144
130,144
176,144
210,144
32,145
36,145
39,145
45,145
47,145
72,145
88,145
134,145
139,145
161,145
179,145
181,145
206,145
16,146
35,146
85,146
91,146
92,146
98,146
100,146
119,146
129,146
138,146
153,146
157,146
183,146
197,146
203,146
4,147
61,147
94,147
131,147
173,147
27,148
71,148
101,148
5,149
37,149
59,149
82,149
90,149
182,149
201,149
211,149
51,150
67,150
73,150
75,150
84,150
87,150
129,150
190,150
81,151
143,151
199,152
11,153
51,153
59,153
69,153
73,153
75,153
84,153
99,153
105,153
116,153
128,153
138,153
146,153
155,153
186,153
1,154
7,154
27,154
36,154
54,154
79,154
88,154
99,154
138,154
174,154
187,154
197,154
17,155
27,155
70,155
93,155
138,155
153,155
186,155
189,155
22,156
23,156
59,156
102,156
172,156
197,156
199,156
200,156
201,156
35,157
57,157
91,157
138,157
146,157
5,158
44,158
50,158
57,158
90,158
108,158
201,158
43,159
48,159
66,159
76,159
81,159
126,159
184,159
61,160
76,160
173,160
1,161
36,161
40,161
42,161
145,161
171,161
200,161
35,162
58,162
65,162
100,162
102,162
112,162
113,162
129,162
139,162
171,162
186,162
18,163
30,163
38,163
62,163
82,163
120,163
181,163
188,164
210,164
46,165
133,165
196,165
201,165
204,165
210,165
52,166
85,166
92,166
138,166
16,167
171,167
14,168
78,168
93,168
143,168
14,169
55,169
65,169
78,169
175,169
190,169
4,170
61,170
76,170
173,170
161,171
162,171
167,171
190,171
29,172
44,172
51,172
56,172
65,172
73,172
75,172
95,172
99,172
105,172
116,172
156,172
4,173
61,173
76,173
77,173
147,173
160,173
170,173
186,173
1,174
36,174
54,174
69,174
79,174
88,174
99,174
107,174
138,174
154,174
10,175
14,175
15,175
17,175
70,175
78,175
83,175
169,175
190,175
195,175
43,176
81,176
125,176
126,176
127,176
130,176
144,176
210,176
9,177
65,177
93,177
113,177
52,178
109,178
122,178
194,178
209,178
32,179
39,179
108,179
145,179
181,179
206,179
60,180
68,180
77,180
81,180
92,180
98,180
111,180
115,180
119,180
128,180
140,180
143,180
188,180
191,180
210,180
7,181
18,181
34,181
38,181
39,181
45,181
49,181
63,181
67,181
72,181
86,181
120,181
139,181
145,181
163,181
179,181
192,181
5,182
23,182
75,182
90,182
149,182
195,182
200,182
201,182
211,182
14,183
21,183
51,183
55,183
129,183
146,183
190,183
43,184
48,184
66,184
81,184
126,184
159,184
21,185
55,185
99,185
119,185
190,185
1,186
68,186
77,186
81,186
96,186
115,186
143,186
153,186
155,186
162,186
173,186
3,187
34,187
80,187
108,187
154,187
52,188
96,188
98,188
102,188
119,188
126,188
164,188
180,188
17,189
93,189
112,189
155,189
9,190
78,190
83,190
93,190
112,190
113,190
132,190
150,190
169,190
171,190
175,190
183,190
185,190
16,191
21,191
28,191
57,191
83,191
85,191
92,191
100,191
138,191
180,191
7,192
39,192
49,192
67,192
71,192
181,192
26,193
41,193
44,193
101,194
178,194
5,195
10,195
13,195
18,195
41,195
175,195
182,195
201,195
2,196
46,196
101,196
124,196
133,196
165,196
204,196
24,197
47,197
72,197
94,197
108,197
137,197
139,197
146,197
154,197
156,197
199,197
206,197
3,198
30,198
52,198
119,198
135,198
136,198
143,198
24,199
47,199
137,199
152,199
156,199
197,199
19,200
23,200
36,200
88,200
129,200
156,200
161,200
182,200
5,201
39,201
149,201
156,201
158,201
165,201
182,201
195,201
206,201
47,202
59,202
13,203
16,203
35,203
57,203
76,203
82,203
91,203
92,203
98,203
100,203
138,203
146,203
208,203
46,204
165,204
196,204
16,205
17,205
57,205
91,205
138,205
19,206
36,206
38,206
110,206
139,206
145,206
179,206
197,206
201,206
65,207
85,207
109,207
138,207
208,207
6,208
16,208
35,208
39,208
91,208
92,208
203,208
207,208
27,209
52,209
109,209
114,209
122,209
178,209
28,210
43,210
60,210
65,210
66,210
74,210
77,210
81,210
96,210
113,210
117,210
126,210
130,210
135,210
144,210
164,210
165,210
176,210
180,210
90,211
149,211
182,211