3,1
19,1
20,1
26,1
30,1
66,1
3,2
4,2
18,2
57,2
1,3
2,3
4,3
7,3
14,3
18,3
27,3
57,3
2,4
3,4
18,4
24,4
10,5
21,5
24,5
43,5
44,5
202,5
20,6
63,6
67,6
3,7
14,7
18,7
57,7
66,7
20,8
24,8
114,8
169,8
197,8
25,9
26,9
5,10
18,10
21,10
24,10
28,10
33,10
27,11
32,11
38,11
81,11
14,12
15,12
19,12
22,12
30,12
39,12
63,12
67,12
14,13
17,13
3,14
7,14
12,14
13,14
30,14
39,14
57,14
12,15
17,15
22,15
28,15
29,15
36,15
67,15
81,15
95,15
184,15
22,16
30,16
36,16
39,16
13,17
15,17
24,17
32,17
36,17
144,17
2,18
3,18
4,18
7,18
10,18
24,18
1,19
12,19
22,19
36,19
1,20
6,20
8,20
63,20
5,21
10,21
24,21
12,22
15,22
16,22
19,22
32,22
33,22
38,22
39,22
29,23
4,24
5,24
8,24
10,24
17,24
18,24
21,24
27,24
169,24
9,25
30,25
63,25
66,25
67,25
1,26
9,26
66,26
3,27
11,27
24,27
57,27
10,28
15,28
32,28
33,28
81,28
15,29
23,29
38,29
1,30
12,30
14,30
16,30
25,30
38,30
39,30
66,30
42,31
46,31
49,31
114,31
184,31
187,31
11,32
17,32
22,32
28,32
33,32
81,32
10,33
22,33
28,33
32,33
38,33
81,33
40,34
42,34
46,34
48,34
130,34
177,34
37,35
44,35
49,35
88,35
114,35
15,36
16,36
17,36
19,36
144,36
35,37
44,37
11,38
22,38
29,38
30,38
33,38
12,39
14,39
16,39
22,39
30,39
34,40
46,40
42,41
49,41
184,41
31,42
34,42
41,42
49,42
114,42
5,43
44,43
45,43
49,43
50,43
177,43
184,43
5,44
35,44
37,44
43,44
48,44
50,44
88,44
202,44
216,44
43,45
31,46
34,46
40,46
47,46
114,46
177,46
46,47
114,47
169,47
184,47
187,47
34,48
44,48
49,48
31,49
35,49
41,49
42,49
43,49
48,49
114,49
184,49
43,50
44,50
130,50
58,51
60,51
61,51
64,51
68,51
116,51
150,51
160,51
53,52
56,52
64,52
104,52
111,52
194,52
52,53
54,53
62,53
64,53
104,53
111,53
127,53
134,53
53,54
58,54
59,54
62,54
64,54
104,54
111,54
129,54
131,54
205,54
61,55
65,55
68,55
111,55
131,55
138,55
52,56
59,56
62,56
104,56
116,56
2,57
3,57
7,57
14,57
27,57
66,57
51,58
54,58
60,58
62,58
181,58
54,59
56,59
62,59
116,59
118,59
129,59
51,60
58,60
120,60
51,61
55,61
65,61
111,61
53,62
54,62
56,62
58,62
59,62
64,62
104,62
111,62
116,62
120,62
129,62
6,63
12,63
20,63
25,63
143,63
51,64
52,64
53,64
54,64
62,64
68,64
77,64
104,64
111,64
116,64
150,64
185,64
209,64
55,65
61,65
104,65
131,65
1,66
7,66
25,66
26,66
30,66
57,66
6,67
12,67
15,67
25,67
51,68
55,68
64,68
78,68
116,68
131,68
160,68
70,69
71,69
82,69
83,69
85,69
222,69
69,70
112,70
142,70
222,70
69,71
74,71
77,71
209,71
210,71
84,72
219,72
78,73
84,73
110,73
111,73
117,73
154,73
160,73
191,73
209,73
211,73
215,73
218,73
71,74
82,75
84,75
142,75
189,75
208,75
211,75
215,75
177,76
64,77
71,77
78,77
82,77
85,77
124,77
188,77
189,77
195,77
209,77
215,77
222,77
68,78
73,78
77,78
86,78
189,78
209,78
213,78
215,78
218,78
202,79
183,80
187,80
11,81
15,81
28,81
32,81
33,81
69,82
75,82
77,82
124,82
208,82
222,82
69,83
85,83
72,84
73,84
75,84
215,84
219,84
69,85
77,85
83,85
186,85
195,85
204,85
211,85
78,86
189,86
210,86
124,87
188,87
35,88
44,88
97,89
98,89
99,89
152,89
212,89
94,90
97,90
100,90
102,90
107,90
108,90
159,90
93,91
98,91
100,91
103,91
107,91
110,91
139,91
159,91
221,91
94,92
99,92
106,92
109,92
139,92
152,92
184,92
212,92
91,93
94,93
99,93
107,93
109,93
110,93
113,93
139,93
159,93
216,93
221,93
90,94
92,94
93,94
96,94
106,94
107,94
108,94
109,94
110,94
152,94
216,94
221,94
15,95
94,96
99,96
106,96
108,96
89,97
90,97
98,97
102,97
105,97
107,97
110,97
212,97
89,98
91,98
97,98
103,98
107,98
119,98
152,98
89,99
92,99
93,99
96,99
100,99
101,99
103,99
106,99
107,99
108,99
212,99
216,99
90,100
91,100
99,100
106,100
109,100
212,100
99,101
102,101
109,101
152,101
212,101
216,101
90,102
97,102
101,102
105,102
107,102
91,103
98,103
99,103
106,103
108,103
109,103
110,103
159,103
216,103
52,104
53,104
54,104
56,104
62,104
64,104
65,104
97,105
102,105
107,105
152,105
221,105
92,106
94,106
96,106
99,106
100,106
103,106
109,106
117,106
139,106
158,106
212,106
216,106
90,107
91,107
93,107
94,107
97,107
98,107
99,107
102,107
105,107
146,107
205,107
221,107
90,108
94,108
96,108
99,108
103,108
149,108
159,108
215,108
92,109
93,109
94,109
100,109
101,109
103,109
106,109
110,109
139,109
145,109
152,109
153,109
212,109
216,109
73,110
91,110
93,110
94,110
97,110
103,110
109,110
139,110
154,110
187,110
216,110
52,111
53,111
54,111
55,111
61,111
62,111
64,111
73,111
116,111
150,111
70,112
119,112
137,112
142,112
190,112
199,112
204,112
93,113
121,113
199,113
203,113
216,113
8,114
31,114
35,114
42,114
46,114
47,114
49,114
169,114
197,114
188,115
195,115
51,116
56,116
59,116
62,116
64,116
68,116
111,116
131,116
73,117
106,117
137,117
154,117
181,117
191,117
193,117
59,118
98,119
112,119
147,119
151,119
157,119
163,119
60,120
62,120
129,120
113,121
135,121
142,121
196,121
128,122
167,122
181,122
135,123
77,124
82,124
87,124
142,124
191,124
195,124
203,124
207,124
222,124
126,125
141,125
161,125
172,125
181,125
186,125
194,125
204,125
125,126
133,126
141,126
172,126
181,126
186,126
213,126
53,127
134,127
167,127
182,127
213,127
122,128
176,128
181,128
54,129
59,129
62,129
120,129
131,129
34,130
50,130
177,130
54,131
55,131
65,131
68,131
116,131
129,131
204,132
205,132
207,132
126,133
134,133
160,133
213,133
53,134
127,134
133,134
160,134
213,134
121,135
123,135
198,135
150,136
112,137
117,137
142,137
166,137
195,137
203,137
208,137
55,138
91,139
92,139
93,139
106,139
109,139
110,139
216,139
185,140
125,141
126,141
161,141
181,141
182,141
70,142
75,142
112,142
121,142
124,142
137,142
193,142
196,142
201,142
211,142
63,143
17,144
36,144
109,145
153,145
155,145
163,145
107,146
149,146
155,146
162,146
164,146
166,146
221,146
119,147
151,147
154,147
158,147
163,147
165,147
155,148
168,148
108,149
146,149
154,149
162,149
211,149
215,149
51,150
64,150
111,150
136,150
176,150
182,150
119,151
147,151
166,151
89,152
92,152
94,152
98,152
101,152
105,152
109,152
159,152
205,152
212,152
221,152
109,153
145,153
156,153
73,154
110,154
117,154
147,154
149,154
160,154
163,154
218,154
145,155
146,155
148,155
162,155
165,155
168,155
170,155
153,156
158,156
170,156
119,157
158,157
106,158
147,158
156,158
157,158
165,158
90,159
91,159
93,159
103,159
108,159
152,159
221,159
51,160
68,160
73,160
133,160
134,160
154,160
182,160
213,160
125,161
141,161
179,161
186,161
194,161
146,162
149,162
155,162
163,162
119,163
145,163
147,163
154,163
162,163
146,164
166,164
168,164
147,165
155,165
158,165
137,166
146,166
151,166
164,166
122,167
127,167
181,167
185,167
194,167
213,167
148,168
155,168
164,168
8,169
24,169
47,169
114,169
155,170
156,170
179,171
194,171
125,172
126,172
181,172
194,172
174,173
180,173
184,173
187,173
173,174
200,175
206,175
128,176
150,176
34,177
43,177
46,177
76,177
130,177
206,178
161,179
171,179
182,179
185,179
173,180
183,180
192,180
206,180
58,181
117,181
122,181
125,181
126,181
128,181
141,181
167,181
172,181
186,181
204,181
127,182
141,182
150,182
160,182
179,182
80,183
180,183
214,183
15,184
31,184
41,184
43,184
47,184
49,184
92,184
173,184
64,185
140,185
167,185
179,185
195,185
209,185
213,185
215,185
85,186
125,186
126,186
161,186
181,186
194,186
204,186
31,187
47,187
80,187
110,187
173,187
192,187
197,187
77,188
87,188
115,188
191,188
195,188
204,188
215,188
75,189
77,189
78,189
86,189
205,189
209,189
218,189
112,190
73,191
117,191
124,191
188,191
198,191
205,191
218,191
180,192
187,192
197,192
206,192
117,193
142,193
211,193
52,194
125,194
161,194
167,194
171,194
172,194
186,194
77,195
85,195
115,195
124,195
137,195
185,195
188,195
204,195
209,195
215,195
121,196
142,196
201,196
8,197
114,197
187,197
192,197
135,198
191,198
199,198
205,198
112,199
113,199
198,199
205,199
175,200
206,200
142,201
196,201
207,201
5,202
44,202
79,202
214,202
113,203
124,203
137,203
85,204
112,204
125,204
132,204
181,204
186,204
188,204
195,204
54,205
107,205
132,205
152,205
189,205
191,205
198,205
199,205
208,205
218,205
221,205
175,206
178,206
180,206
192,206
200,206
124,207
132,207
201,207
75,208
82,208
137,208
205,208
64,209
71,209
73,209
77,209
78,209
185,209
189,209
195,209
215,209
220,209
71,210
86,210
219,210
73,211
75,211
85,211
142,211
149,211
193,211
215,211
89,212
92,212
97,212
99,212
100,212
101,212
106,212
109,212
152,212
216,212
78,213
126,213
127,213
133,213
134,213
160,213
167,213
185,213
183,214
202,214
73,215
75,215
77,215
78,215
84,215
108,215
149,215
185,215
188,215
195,215
209,215
211,215
218,215
44,216
93,216
94,216
99,216
101,216
103,216
106,216
109,216
110,216
113,216
139,216
212,216
222,217
73,218
78,218
154,218
189,218
191,218
205,218
215,218
72,219
84,219
210,219
209,220
91,221
93,221
94,221
105,221
107,221
146,221
152,221
159,221
205,221
69,222
70,222
77,222
82,222
124,222
217,222