13 10 71
20 25 44
16 12 58
52 35 75
79 18 71
79 37 52
62 23 24
37 7 85
52 24 75
44 10 19
44 12 60
34 16 6
28 32 57
34 60 85
79 35 37
60 44 55
52 15 37
44 11 60
85 34 42
18 60 7
11 54 8
16 20 54
34 45 78
85 54 68
39 49 5
20 27 34
20 15 51
16 33 79
28 17 21
11 19 85
13 16 35
13 16 68
13 55 77
75 62 70
16 23 56
60 34 35
70 71 73
1 40 43
18 60 71
39 14 5
85 11 35
70 44 75
85 55 73
11 10 47
60 18 19
62 12 16
52 19 63
17 30 69
39 2 31
44 13 60
85 3 4
85 34 61
11 24 70
16 13 64
79 15 16
28 14 68
70 11 7
18 23 51
79 18 76
37 16 25
62 24 64
62 13 58
13 12 62
60 18 44
79 11 37
57 38 4
79 37 77
37 23 56
11 45 54
52 24 7
20 10 18
34 15 64
75 52 54
37 51 79
37 58 79
44 28 79
16 35 37
13 59 62
11 34 85
34 22 11
18 23 6
1 26 49
52 25 76
20 50 51
44 28 54
28 14 82
44 50 60
62 28 54
1 42 67
20 44 60
16 60 62
42 26 43
60 70 76
34 18 55
18 44 62
16 13 53
75 56 70
85 15 27
85 17 34
28 21 53
20 34 65
34 15 63
34 20 24
62 45 77
84 32 9
1 43 67
52 65 76
32 74 84
28 45 72
52 19 65
84 66 74
18 65 79
13 15 62
70 55 75
79 19 59
18 47 76
32 6 6
75 51 70
34 23 63
18 41 64
13 28 71
18 6 64
60 63 71
20 13 59
13 25 76
52 19 25
70 75 77
62 25 28
75 45 70
70 15 50
28 38 53
18 35 68
62 45 70
11 56 85
70 65 75
42 2 49
60 47 65
85 21 34
79 18 62
28 24 65
20 73 79
57 38 80
34 28 64
62 41 59
57 21 36
85 34 56
42 26 5
18 44 65
18 27 53
11 10 79
39 2 67
60 20 34
44 27 68
85 12 34
85 34 65
72 30 78
18 50 79
70 45 75
34 15 71
28 21 38
62 51 59
44 20 8
62 18 51
13 15 56
60 44 62
16 10 15
62 12 35
16 15 70
18 13 34
44 18 50
57 22 48
18 35 60
52 34 6
79 29 37
44 23 60
60 33 44
37 15 35
18 52 60
79 18 54
28 54 77
1 26 39
20 16 53
16 47 64
1 31 67
28 72 73
11 56 58
44 54 7
52 15 6
34 76 85
85 55 63
62 12 76
20 33 85
44 60 8
79 37 71
13 15 44
75 70 83
75 55 70
1 42 43
37 44 7
44 12 35
16 12 73
60 16 64
11 54 7
79 19 53
85 68 8
52 33 65
70 60 75
37 71 77
52 25 65
11 56 63
18 19 79
20 25 51
57 21 82
39 1 31
11 12 54
85 10 47
62 13 18
18 47 79
42 40 67
20 25 60
85 51 55
20 51 60
70 51 75
16 12 24
16 24 62
42 26 49
44 10 68
28 54 62
70 19 73
18 34 85
28 14 54
42 49 5
75 11 70
57 22 61
18 77 79
39 14 40
28 32 73
62 65 68
62 13 73
37 35 65
16 41 68
37 18 7
16 13 23
85 68 82
39 40 43
16 12 19
79 15 20
28 45 57
51 20 77
11 75 79
51 20 61
34 13 56
85 10 25
37 50 7
20 41 60
52 19 62
16 41 54
34 20 85
44 60 76
85 11 7
51 20 40
85 11 15
32 66 84
18 25 62
42 1 31
28 14 53
85 10 44
28 14 52
62 12 28
16 62 63
37 62 7
1 14 2
70 50 75
16 23 64
13 16 71
18 34 70
37 76 79
70 50 64
13 34 55
32 9
60 44 52
1 40 5
60 20 76
62 12 71
60 29 63
16 15 8
34 15 25
11 15 54
60 20 63
34 18 60
75 54 7
18 34 53
72 3 69
57 36 82
84 6 6
18 50 76
34 58 6
11 15 6