0 3
0 14
0 22
0 23
0 37
0 51
0 87
0 93
0 95
1 6
1 38
1 68
1 71
1 73
1 74
1 82
1 90
1 94
2 6
2 18
2 25
2 40
2 52
2 59
2 60
2 62
2 87
2 96
3 12
3 17
3 19
3 22
3 27
3 67
3 70
3 76
3 86
3 88
3 91
3 95
4 9
4 24
4 25
4 30
4 32
4 34
4 39
4 45
4 84
4 87
5 13
5 14
5 19
5 25
5 36
5 50
5 54
5 59
5 63
5 74
5 78
5 81
5 92
5 98
6 16
6 32
6 45
6 46
6 70
6 74
6 79
6 80
6 99
7 26
7 31
7 32
7 35
7 45
7 56
7 67
7 75
7 92
7 96
7 98
8 12
8 40
8 44
8 45
8 53
8 55
8 67
8 68
8 71
9 12
9 14
9 18
9 35
9 40
9 45
9 52
9 82
9 91
9 92
9 96
9 98
10 18
10 21
10 26
10 43
10 53
10 56
10 57
10 78
10 86
10 92
10 96
11 19
11 24
11 47
11 48
11 63
11 76
11 84
11 92
12 17
12 22
12 31
12 58
12 68
12 85
12 95
13 33
13 60
13 63
13 75
13 89
13 97
14 22
14 26
14 54
14 63
14 69
14 83
15 24
15 26
15 38
15 39
15 62
15 64
15 73
15 76
15 81
15 86
16 26
16 41
16 42
16 52
16 61
16 64
16 69
16 72
16 94
16 96
17 21
17 25
17 27
17 43
17 44
17 49
17 85
18 23
18 41
18 53
18 67
18 68
18 71
18 81
18 82
19 20
19 29
19 34
19 76
19 87
19 90
20 30
20 32
20 37
20 42
20 46
20 73
20 80
20 87
20 98
21 22
21 25
21 43
21 44
21 50
21 56
21 60
21 62
21 68
21 74
21 79
21 82
21 91
22 52
22 54
22 55
22 64
23 46
23 61
23 91
24 28
24 45
24 64
24 70
24 72
24 84
25 33
25 45
25 73
25 80
25 86
26 45
26 63
27 63
27 69
27 73
27 82
27 86
27 98
27 99
28 30
28 39
28 42
28 47
28 72
28 93
28 97
28 99
29 55
29 58
29 59
29 67
29 86
29 95
30 31
30 47
30 66
30 70
30 79
30 90
30 92
30 93
30 94
30 98
31 43
31 51
31 57
31 71
31 78
31 82
31 84
31 97
32 40
32 56
32 65
32 77
32 85
32 93
33 35
33 51
33 52
33 69
33 75
33 77
33 87
34 37
34 41
34 56
34 73
34 74
34 81
34 83
34 85
35 37
35 38
35 53
35 54
35 77
35 94
36 43
36 46
36 49
36 50
36 59
36 68
36 80
37 62
37 69
37 71
37 79
38 65
38 71
38 76
38 77
39 53
39 62
39 97
40 44
40 55
40 67
40 69
40 76
40 84
40 85
41 59
41 92
41 94
41 96
42 43
42 45
42 51
42 66
42 69
42 71
42 77
42 81
42 83
42 94
42 95
43 46
43 56
43 76
43 83
44 45
44 50
44 51
44 54
44 62
44 63
45 51
45 54
45 82
45 87
45 95
46 55
46 78
47 54
47 59
47 67
47 84
47 87
47 95
47 98
48 52
48 61
48 74
48 83
48 92
48 94
49 62
49 64
49 67
49 75
49 76
49 83
49 86
49 91
50 58
50 73
50 78
50 79
50 81
50 94
50 96
50 99
51 52
51 55
51 72
51 82
51 95
51 97
52 63
52 82
52 85
53 54
53 65
53 76
54 57
54 66
54 81
54 84
54 85
54 96
54 99
55 56
55 65
55 70
55 85
55 93
56 65
56 82
56 83
56 90
56 91
57 68
57 84
57 87
57 92
58 61
58 74
59 65
59 85
59 88
59 89
59 99
60 62
60 73
60 79
60 80
60 91
60 93
61 94
62 63
62 76
62 82
62 93
63 64
63 75
63 88
64 81
64 84
64 97
64 98
65 70
66 68
66 80
66 83
66 85
66 93
67 68
67 73
67 83
68 69
68 83
68 99
69 74
69 75
69 94
69 95
69 98
70 95
70 97
72 83
73 94
74 75
74 80
75 81
75 92
75 98
76 77
76 79
76 89
76 91
77 85
79 80
79 97
80 82
80 88
82 83
82 85
84 93
84 97
85 90
85 93
86 90
86 96
87 93
87 98
88 89
88 92
90 95
91 93
94 97
